 

                   INTERNATIONAL EARTH ROTATION SERVICE
                        EARTH ROTATION PARAMETERS
                          EOP (IERS) C 04

  
             FORMAT(2X,A4,I3,2X,I5,2F9.6,F10.7,2X,F10.7,2X,2F9.5)
******************************************************************************
  
    Date    MJD      x        y      UT1-UTC       LOD        dPsi   dEpsilon
                     "        "         s           s          "         "
     (0h UTC)
 
  
  YEAR ==> 2003

  JAN   1  52640 -.088452  .187991 -.2894519    .0004284    -.05555  -.00049
  JAN   2  52641 -.091555  .190194 -.2897975    .0003053    -.05537  -.00061
  JAN   3  52642 -.094503  .192650 -.2900980    .0003169    -.05499  -.00075
  JAN   4  52643 -.097544  .195203 -.2904643    .0003760    -.05454  -.00087
  JAN   5  52644 -.100679  .197418 -.2908717    .0004448    -.05417  -.00095
  JAN   6  52645 -.103528  .199332 -.2913618    .0005792    -.05402  -.00099
  JAN   7  52646 -.105989  .201252 -.2920263    .0007553    -.05410  -.00099
  JAN   8  52647 -.108553  .203342 -.2928606    .0008650    -.05448  -.00099
  JAN   9  52648 -.111041  .205497 -.2937401    .0008950    -.05478  -.00093
  JAN  10  52649 -.113156  .207877 -.2946326    .0009177    -.05476  -.00079
  JAN  11  52650 -.115226  .210345 -.2955582    .0009180    -.05471  -.00060
  JAN  12  52651 -.117249  .212603 -.2964542    .0008502    -.05474  -.00042
  JAN  13  52652 -.118959  .214748 -.2972489    .0007286    -.05485  -.00031
  JAN  14  52653 -.120356  .216871 -.2979075    .0005819    -.05500  -.00034
  JAN  15  52654 -.121608  .219067 -.2984161    .0004239    -.05506  -.00053
  JAN  16  52655 -.122806  .221597 -.2987675    .0002806    -.05508  -.00081
  JAN  17  52656 -.124250  .224072 -.2989986    .0002076    -.05506  -.00112
  JAN  18  52657 -.125981  .226489 -.2992116    .0002188    -.05489  -.00130
  JAN  19  52658 -.127563  .228791 -.2994672    .0003022    -.05455  -.00130
  JAN  20  52659 -.128846  .231024 -.2998401    .0004636    -.05412  -.00119
  JAN  21  52660 -.129905  .233425 -.3004033    .0006648    -.05374  -.00103
  JAN  22  52661 -.130990  .236356 -.3011589    .0008210    -.05351  -.00092
  JAN  23  52662 -.132171  .239610 -.3020165    .0008770    -.05353  -.00090
  JAN  24  52663 -.133515  .242431 -.3028734    .0008820    -.05369  -.00085
  JAN  25  52664 -.135120  .244793 -.3037402    .0008347    -.05407  -.00079
  JAN  26  52665 -.136758  .247069 -.3045115    .0006647    -.05454  -.00075
  JAN  27  52666 -.138048  .249440 -.3050548    .0004063    -.05489  -.00073
  JAN  28  52667 -.138964  .252122 -.3053286    .0001651    -.05496  -.00072
  JAN  29  52668 -.139292  .255122 -.3054069    .0000209    -.05466  -.00073
  JAN  30  52669 -.139358  .258251 -.3054030   -.0000396    -.05449  -.00087
  JAN  31  52670 -.139884  .261275 -.3053613   -.0000338    -.05420  -.00106
  FEB   1  52671 -.141137  .264031 -.3053614    .0000404    -.05396  -.00121
  FEB   2  52672 -.142570  .266735 -.3054553    .0001739    -.05387  -.00127
  FEB   3  52673 -.144078  .269644 -.3057091    .0003698    -.05388  -.00127
  FEB   4  52674 -.145289  .272486 -.3061847    .0005916    -.05390  -.00122
  FEB   5  52675 -.146137  .275348 -.3068757    .0007550    -.05385  -.00118
  FEB   6  52676 -.147243  .277941 -.3076752    .0007889    -.05387  -.00114
  FEB   7  52677 -.148369  .280413 -.3084345    .0007445    -.05401  -.00117
  FEB   8  52678 -.149595  .283166 -.3091480    .0006744    -.05416  -.00120
  FEB   9  52679 -.151263  .285915 -.3097724    .0005570    -.05427  -.00118
  FEB  10  52680 -.152901  .288575 -.3102577    .0004108    -.05437  -.00118
  FEB  11  52681 -.154275  .291353 -.3105962    .0002846    -.05443  -.00126
  FEB  12  52682 -.155294  .294072 -.3108365    .0002259    -.05446  -.00154
  FEB  13  52683 -.155906  .296757 -.3110659    .0002568    -.05441  -.00186
  FEB  14  52684 -.156150  .299483 -.3113767    .0003391    -.05423  -.00214
  FEB  15  52685 -.156315  .302092 -.3117766    .0004233    -.05393  -.00220
  FEB  16  52686 -.156282  .304547 -.3122540    .0005495    -.05355  -.00209
  FEB  17  52687 -.155768  .307061 -.3128941    .0007749    -.05319  -.00192
  FEB  18  52688 -.155263  .310027 -.3138004    .0010390    -.05296  -.00178
  FEB  19  52689 -.154899  .313535 -.3149445    .0012128    -.05292  -.00173
  FEB  20  52690 -.154695  .317540 -.3161813    .0012672    -.05309  -.00185
  FEB  21  52691 -.155070  .321359 -.3174305    .0011978    -.05341  -.00201
  FEB  22  52692 -.155479  .324451 -.3185386    .0009870    -.05374  -.00205
  FEB  23  52693 -.155395  .327390 -.3193859    .0007118    -.05398  -.00199
  FEB  24  52694 -.155070  .330421 -.3199658    .0004713    -.05407  -.00192
  FEB  25  52695 -.154670  .333416 -.3203503    .0003111    -.05399  -.00189
  FEB  26  52696 -.154575  .336360 -.3206203    .0002260    -.05386  -.00204
  FEB  27  52697 -.154631  .339269 -.3208364    .0002102    -.05352  -.00218
  FEB  28  52698 -.154357  .342088 -.3210690    .0002416    -.05292  -.00221
  MAR   1  52699 -.153803  .344588 -.3213371    .0003308    -.05254  -.00221
  MAR   2  52700 -.153135  .347151 -.3217350    .0004804    -.05253  -.00220
  MAR   3  52701 -.152806  .350167 -.3222911    .0006102    -.05279  -.00219
  MAR   4  52702 -.153040  .353122 -.3229403    .0006694    -.05313  -.00218
  MAR   5  52703 -.153371  .355825 -.3236103    .0006866    -.05336  -.00218
  MAR   6  52704 -.153708  .358302 -.3242928    .0006987    -.05341  -.00220
  MAR   7  52705 -.154112  .360753 -.3249892    .0006953    -.05328  -.00225
  MAR   8  52706 -.154498  .363462 -.3256699    .0006462    -.05314  -.00234
  MAR   9  52707 -.154689  .366282 -.3262748    .0005431    -.05300  -.00245
  MAR  10  52708 -.154870  .369298 -.3267569    .0004211    -.05287  -.00259
  MAR  11  52709 -.155528  .372372 -.3271252    .0003353    -.05273  -.00275
  MAR  12  52710 -.156384  .375454 -.3274428    .0003129    -.05246  -.00293
  MAR  13  52711 -.157045  .378617 -.3277738    .0003260    -.05226  -.00312
  MAR  14  52712 -.157288  .381391 -.3281248    .0004214    -.05225  -.00333
  MAR  15  52713 -.157101  .384004 -.3286500    .0006262    -.05208  -.00353
  MAR  16  52714 -.156912  .386877 -.3294051    .0008806    -.05174  -.00367
  MAR  17  52715 -.156669  .389752 -.3304217    .0011625    -.05143  -.00372
  MAR  18  52716 -.155947  .392603 -.3317145    .0014188    -.05132  -.00364
  MAR  19  52717 -.154874  .395771 -.3332181    .0015507    -.05155  -.00343
  MAR  20  52718 -.153852  .399575 -.3347606    .0014963    -.05188  -.00335
  MAR  21  52719 -.153087  .403388 -.3361590    .0012904    -.05219  -.00340
  MAR  22  52720 -.152293  .406652 -.3373096    .0010010    -.05244  -.00343
  MAR  23  52721 -.151455  .409592 -.3381565    .0006842    -.05254  -.00346
  MAR  24  52722 -.150502  .412376 -.3386979    .0004101    -.05247  -.00352
  MAR  25  52723 -.149055  .415363 -.3390111    .0002535    -.05224  -.00362
  MAR  26  52724 -.147491  .418291 -.3392420    .0002466    -.05194  -.00375
  MAR  27  52725 -.145701  .421150 -.3395354    .0003390    -.05173  -.00382
  MAR  28  52726 -.143381  .424023 -.3399402    .0004709    -.05151  -.00388
  MAR  29  52727 -.140568  .426844 -.3404851    .0006309    -.05141  -.00386
  MAR  30  52728 -.137775  .429841 -.3411985    .0007812    -.05144  -.00374
  MAR  31  52729 -.135407  .432832 -.3420354    .0008748    -.05149  -.00357
  APR   1  52730 -.133239  .435611 -.3429301    .0009296    -.05148  -.00341
  APR   2  52731 -.131170  .438570 -.3438739    .0009815    -.05128  -.00332
  APR   3  52732 -.129064  .441748 -.3448731    .0009699    -.05102  -.00334
  APR   4  52733 -.126941  .444668 -.3457976    .0008718    -.05081  -.00345
  APR   5  52734 -.124588  .447515 -.3466070    .0007625    -.05083  -.00362
  APR   6  52735 -.122094  .450753 -.3473211    .0006533    -.05097  -.00383
  APR   7  52736 -.119769  .454053 -.3479200    .0005180    -.05112  -.00404
  APR   8  52737 -.117650  .456974 -.3483710    .0003825    -.05115  -.00424
  APR   9  52738 -.116017  .459694 -.3487054    .0003150    -.05095  -.00443
  APR  10  52739 -.114687  .462339 -.3490270    .0003394    -.05065  -.00456
  APR  11  52740 -.113244  .464829 -.3494148    .0004551    -.05027  -.00462
  APR  12  52741 -.111418  .467481 -.3499679    .0006735    -.04988  -.00470
  APR  13  52742 -.109315  .470283 -.3507829    .0009554    -.04964  -.00482
  APR  14  52743 -.107211  .472869 -.3518793    .0012353    -.04962  -.00488
  APR  15  52744 -.105248  .475275 -.3532272    .0014429    -.04984  -.00482
  APR  16  52745 -.103765  .477387 -.3547154    .0014845    -.05027  -.00459
  APR  17  52746 -.102200  .479208 -.3561376    .0013057    -.05072  -.00432
  APR  18  52747 -.100306  .481143 -.3572793    .0010193    -.05091  -.00426
  APR  19  52748 -.098035  .483383 -.3581551    .0007091    -.05086  -.00440
  APR  20  52749 -.095501  .485656 -.3587070    .0003575    -.05069  -.00463
  APR  21  52750 -.093074  .487732 -.3589024    .0000740    -.05054  -.00486
  APR  22  52751 -.090719  .489654 -.3588960   -.0000149    -.05053  -.00497
  APR  23  52752 -.088492  .491718 -.3589091    .0000618    -.05074  -.00487
  APR  24  52753 -.085901  .493706 -.3590439    .0001865    -.05073  -.00485
  APR  25  52754 -.082776  .495748 -.3592923    .0003275    -.05050  -.00490
  APR  26  52755 -.080002  .497962 -.3596972    .0004839    -.05029  -.00480
  APR  27  52756 -.077626  .500152 -.3602497    .0006164    -.05016  -.00458
  APR  28  52757 -.075197  .502422 -.3609139    .0007096    -.05019  -.00432
  APR  29  52758 -.072857  .504431 -.3616497    .0007567    -.05040  -.00407
  APR  30  52759 -.070285  .506174 -.3624076    .0007388    -.05078  -.00391
  MAY   1  52760 -.066857  .507986 -.3631100    .0006269    -.05111  -.00391
  MAY   2  52761 -.063026  .509848 -.3636492    .0004361    -.05130  -.00407
  MAY   3  52762 -.059385  .511580 -.3639776    .0002271    -.05132  -.00435
  MAY   4  52763 -.056117  .513414 -.3641074    .0000558    -.05117  -.00467
  MAY   5  52764 -.053194  .515409 -.3641014   -.0000514    -.05092  -.00497
  MAY   6  52765 -.050114  .517508 -.3640236   -.0001048    -.05063  -.00520
  MAY   7  52766 -.047144  .519663 -.3639156   -.0001083    -.05033  -.00536
  MAY   8  52767 -.044681  .521630 -.3638339   -.0000167    -.05029  -.00536
  MAY   9  52768 -.042160  .523339 -.3639097    .0001768    -.05028  -.00528
  MAY  10  52769 -.039683  .525050 -.3642106    .0004197    -.05012  -.00534
  MAY  11  52770 -.037696  .526582 -.3647595    .0006661    -.04991  -.00549
  MAY  12  52771 -.036049  .527876 -.3655323    .0009159    -.04984  -.00550
  MAY  13  52772 -.034413  .529244 -.3665565    .0011495    -.05008  -.00525
  MAY  14  52773 -.032565  .530553 -.3677790    .0012358    -.05070  -.00463
  MAY  15  52774 -.030425  .531816 -.3689741    .0010879    -.05133  -.00434
  MAY  16  52775 -.028200  .533082 -.3699178    .0007855    -.05177  -.00442
  MAY  17  52776 -.025908  .534267 -.3705376    .0004785    -.05182  -.00453
  MAY  18  52777 -.023598  .535445 -.3708969    .0002476    -.05153  -.00470
  MAY  19  52778 -.021277  .536485 -.3710731    .0001396    -.05110  -.00495
  MAY  20  52779 -.018538  .537477 -.3712184    .0001678    -.05076  -.00526
  MAY  21  52780 -.015427  .538597 -.3714401    .0002562    -.05071  -.00557
  MAY  22  52781 -.012512  .539640 -.3717458    .0003824    -.05063  -.00573
  MAY  23  52782 -.009794  .540496 -.3722047    .0005137    -.05085  -.00548
  MAY  24  52783 -.006958  .540976 -.3727627    .0006011    -.05116  -.00505
  MAY  25  52784 -.004056  .541197 -.3733910    .0006458    -.05141  -.00468
  MAY  26  52785 -.000914  .541498 -.3740358    .0006357    -.05161  -.00441
  MAY  27  52786  .002428  .541996 -.3746435    .0005716    -.05179  -.00430
  MAY  28  52787  .005896  .542708 -.3751617    .0004588    -.05196  -.00435
  MAY  29  52788  .009349  .543675 -.3755478    .0003117    -.05222  -.00448
  MAY  30  52789  .012578  .544607 -.3757782    .0001473    -.05216  -.00474
  MAY  31  52790  .015635  .545541 -.3758439   -.0000432    -.05199  -.00499
  JUN   1  52791  .018500  .546415 -.3757017   -.0002382    -.05190  -.00514
  JUN   2  52792  .021337  .547030 -.3753851   -.0003730    -.05188  -.00521
  JUN   3  52793  .024379  .547554 -.3749789   -.0004391    -.05194  -.00523
  JUN   4  52794  .027818  .547782 -.3745330   -.0004648    -.05204  -.00531
  JUN   5  52795  .031534  .547886 -.3740747   -.0004021    -.05215  -.00538
  JUN   6  52796  .035024  .547912 -.3737494   -.0002039    -.05226  -.00541
  JUN   7  52797  .038189  .547811 -.3736781    .0000673    -.05233  -.00533
  JUN   8  52798  .041409  .547806 -.3738804    .0003119    -.05242  -.00516
  JUN   9  52799  .044812  .547931 -.3742795    .0004695    -.05257  -.00493
  JUN  10  52800  .048334  .548039 -.3747795    .0005203    -.05280  -.00470
  JUN  11  52801  .051788  .548054 -.3752717    .0004370    -.05312  -.00453
  JUN  12  52802  .055261  .547745 -.3756114    .0001947    -.05347  -.00447
  JUN  13  52803  .058729  .547223 -.3756400   -.0001486    -.05379  -.00453
  JUN  14  52804  .062173  .546626 -.3753215   -.0004538    -.05399  -.00470
  JUN  15  52805  .065871  .546103 -.3747643   -.0006382    -.05408  -.00494
  JUN  16  52806  .069831  .545560 -.3740882   -.0006854    -.05410  -.00517
  JUN  17  52807  .074141  .545036 -.3734319   -.0006052    -.05407  -.00534
  JUN  18  52808  .078627  .544838 -.3729004   -.0004592    -.05406  -.00540
  JUN  19  52809  .083139  .544682 -.3725181   -.0003155    -.05393  -.00536
  JUN  20  52810  .087771  .544514 -.3722598   -.0002064    -.05376  -.00524
  JUN  21  52811  .092068  .544424 -.3720879   -.0001296    -.05363  -.00512
  JUN  22  52812  .095979  .544074 -.3719807   -.0000778    -.05370  -.00495
  JUN  23  52813  .099875  .543615 -.3719127   -.0000761    -.05410  -.00471
  JUN  24  52814  .103644  .543062 -.3718108   -.0001704    -.05484  -.00441
  JUN  25  52815  .107340  .542475 -.3715584   -.0003492    -.05586  -.00406
  JUN  26  52816  .111032  .542045 -.3711048   -.0004956    -.05636  -.00408
  JUN  27  52817  .114834  .541526 -.3705667   -.0006276    -.05635  -.00441
  JUN  28  52818  .118734  .540991 -.3698571   -.0007824    -.05624  -.00476
  JUN  29  52819  .122736  .540421 -.3690174   -.0008855    -.05612  -.00502
  JUN  30  52820  .126789  .539857 -.3681088   -.0009085    -.05605  -.00517
  JUL   1  52821  .130562  .539286 -.3672272   -.0008571    -.05606  -.00519
  JUL   2  52822  .133987  .538562 -.3664209   -.0007774    -.05617  -.00511
  JUL   3  52823  .137040  .537496 -.3656932   -.0006515    -.05632  -.00497
  JUL   4  52824  .139980  .535884 -.3651279   -.0004786    -.05642  -.00483
  JUL   5  52825  .143203  .534095 -.3647318   -.0003119    -.05648  -.00471
  JUL   6  52826  .146515  .532573 -.3644844   -.0001724    -.05656  -.00462
  JUL   7  52827  .149686  .531189 -.3643541   -.0000938    -.05674  -.00455
  JUL   8  52828  .153096  .529733 -.3642564   -.0001427    -.05702  -.00450
  JUL   9  52829  .156734  .528179 -.3640302   -.0003499    -.05743  -.00445
  JUL  10  52830  .160454  .526655 -.3635316   -.0006062    -.05782  -.00441
  JUL  11  52831  .164061  .525272 -.3628153   -.0008119    -.05810  -.00440
  JUL  12  52832  .167545  .523941 -.3619294   -.0009418    -.05816  -.00436
  JUL  13  52833  .170642  .522652 -.3609699   -.0009673    -.05806  -.00439
  JUL  14  52834  .173241  .521193 -.3600356   -.0008854    -.05794  -.00452
  JUL  15  52835  .175695  .519656 -.3592293   -.0007121    -.05792  -.00475
  JUL  16  52836  .178284  .518101 -.3586235   -.0004922    -.05814  -.00506
  JUL  17  52837  .180990  .516529 -.3582393   -.0002919    -.05837  -.00513
  JUL  18  52838  .183577  .514707 -.3580223   -.0001541    -.05891  -.00503
  JUL  19  52839  .186361  .512610 -.3579086   -.0001023    -.05955  -.00487
  JUL  20  52840  .189357  .510578 -.3577953   -.0001295    -.06004  -.00472
  JUL  21  52841  .192030  .508560 -.3576303   -.0001905    -.06034  -.00459
  JUL  22  52842  .194429  .506236 -.3573998   -.0002734    -.06044  -.00451
  JUL  23  52843  .197189  .503790 -.3570751   -.0003893    -.06039  -.00437
  JUL  24  52844  .200027  .501601 -.3566198   -.0005144    -.06032  -.00432
  JUL  25  52845  .202523  .499498 -.3560523   -.0006168    -.06030  -.00439
  JUL  26  52846  .204776  .497212 -.3553997   -.0006641    -.06051  -.00492
  JUL  27  52847  .206888  .494765 -.3547447   -.0006440    -.06078  -.00546
  JUL  28  52848  .209051  .492118 -.3541382   -.0005794    -.06092  -.00562
  JUL  29  52849  .211371  .489236 -.3536147   -.0004680    -.06082  -.00523
  JUL  30  52850  .213899  .486427 -.3532270   -.0002928    -.06043  -.00418
  JUL  31  52851  .216582  .483897 -.3530432   -.0000663    -.06023  -.00414
  AUG   1  52852  .219225  .481566 -.3530916    .0001599    -.06025  -.00481
  AUG   2  52853  .221428  .479469 -.3533422    .0003297    -.06035  -.00515
  AUG   3  52854  .223150  .477199 -.3537163    .0003926    -.06058  -.00514
  AUG   4  52855  .224828  .474736 -.3540867    .0003223    -.06093  -.00497
  AUG   5  52856  .226501  .472308 -.3543240    .0001512    -.06135  -.00474
  AUG   6  52857  .228227  .469599 -.3543652   -.0000705    -.06175  -.00465
  AUG   7  52858  .230227  .466583 -.3541782   -.0003163    -.06204  -.00465
  AUG   8  52859  .232237  .463656 -.3537486   -.0005125    -.06216  -.00471
  AUG   9  52860  .234124  .461034 -.3531857   -.0005968    -.06214  -.00476
  AUG  10  52861  .235977  .458824 -.3525942   -.0005646    -.06198  -.00481
  AUG  11  52862  .237795  .456769 -.3520905   -.0004203    -.06174  -.00488
  AUG  12  52863  .239602  .454460 -.3517732   -.0002068    -.06150  -.00494
  AUG  13  52864  .241374  .452075 -.3516786    .0000086    -.06132  -.00500
  AUG  14  52865  .243158  .449757 -.3517765    .0001656    -.06130  -.00493
  AUG  15  52866  .244710  .447422 -.3519870    .0002892    -.06145  -.00473
  AUG  16  52867  .246056  .444729 -.3523298    .0003584    -.06178  -.00456
  AUG  17  52868  .247616  .441718 -.3526810    .0002942    -.06220  -.00444
  AUG  18  52869  .249186  .438640 -.3529008    .0001216    -.06263  -.00440
  AUG  19  52870  .250715  .435430 -.3529135   -.0000865    -.06299  -.00444
  AUG  20  52871  .252330  .432388 -.3527249   -.0002737    -.06322  -.00454
  AUG  21  52872  .253840  .429674 -.3523712   -.0004474    -.06334  -.00469
  AUG  22  52873  .255055  .427258 -.3518422   -.0005775    -.06338  -.00485
  AUG  23  52874  .255987  .424889 -.3512349   -.0006153    -.06339  -.00498
  AUG  24  52875  .257016  .422023 -.3506360   -.0006164    -.06333  -.00507
  AUG  25  52876  .258300  .418839 -.3500306   -.0005631    -.06317  -.00509
  AUG  26  52877  .259353  .415638 -.3495384   -.0003720    -.06293  -.00504
  AUG  27  52878  .260180  .412323 -.3493079   -.0000755    -.06265  -.00495
  AUG  28  52879  .261256  .409073 -.3493928    .0002629    -.06247  -.00480
  AUG  29  52880  .262415  .406144 -.3498176    .0005851    -.06248  -.00460
  AUG  30  52881  .263445  .403311 -.3505269    .0007772    -.06272  -.00432
  AUG  31  52882  .264501  .400461 -.3513250    .0007540    -.06314  -.00397
  SEP   1  52883  .265337  .397510 -.3519906    .0005671    -.06344  -.00325
  SEP   2  52884  .265671  .394418 -.3524303    .0003222    -.06407  -.00325
  SEP   3  52885  .265580  .391246 -.3526282    .0000794    -.06447  -.00336
  SEP   4  52886  .265449  .387969 -.3526044   -.0001292    -.06452  -.00357
  SEP   5  52887  .265348  .384484 -.3524014   -.0002775    -.06422  -.00385
  SEP   6  52888  .265187  .380812 -.3520745   -.0003354    -.06364  -.00411
  SEP   7  52889  .265102  .377313 -.3517422   -.0002745    -.06296  -.00426
  SEP   8  52890  .264906  .374186 -.3515281   -.0001046    -.06235  -.00424
  SEP   9  52891  .264731  .371133 -.3515053    .0000691    -.06197  -.00402
  SEP  10  52892  .264493  .367777 -.3516712    .0002462    -.06186  -.00364
  SEP  11  52893  .264418  .364479 -.3519837    .0003613    -.06200  -.00322
