 

                   INTERNATIONAL EARTH ROTATION SERVICE
                        EARTH ROTATION PARAMETERS
                          EOP (IERS) C 04

  
             FORMAT(2X,A4,I3,2X,I5,2F9.6,F10.7,2X,F10.7,2X,2F9.5)
******************************************************************************
  
    Date    MJD      x        y      UT1-UTC       LOD        dPsi   dEpsilon
                     "        "         s           s          "         "
     (0h UTC)
 
  
  YEAR ==> 2002

  JAN   1  52275 -.176993  .293993 -.1158246    .0008175    -.05315  -.00066
  JAN   2  52276 -.177473  .297608 -.1167004    .0009379    -.05294  -.00073
  JAN   3  52277 -.178336  .300853 -.1177104    .0011033    -.05286  -.00083
  JAN   4  52278 -.179093  .303684 -.1188967    .0012865    -.05293  -.00095
  JAN   5  52279 -.179547  .306474 -.1202563    .0013936    -.05313  -.00107
  JAN   6  52280 -.179946  .309554 -.1216485    .0013454    -.05341  -.00114
  JAN   7  52281 -.180608  .312730 -.1229129    .0011723    -.05369  -.00114
  JAN   8  52282 -.181712  .315538 -.1239676    .0009528    -.05388  -.00109
  JAN   9  52283 -.182711  .318269 -.1248063    .0007264    -.05394  -.00100
  JAN  10  52284 -.183026  .321185 -.1254224    .0004863    -.05384  -.00095
  JAN  11  52285 -.183057  .324216 -.1257929    .0003014    -.05364  -.00099
  JAN  12  52286 -.182778  .327372 -.1260468    .0001565    -.05344  -.00114
  JAN  13  52287 -.182250  .330452 -.1261296    .0000065    -.05326  -.00136
  JAN  14  52288 -.181659  .333563 -.1260816   -.0000435    -.05312  -.00153
  JAN  15  52289 -.181257  .336768 -.1260592    .0000299    -.05305  -.00162
  JAN  16  52290 -.180668  .339770 -.1261514    .0001248    -.05293  -.00154
  JAN  17  52291 -.179888  .342892 -.1263118    .0002194    -.05297  -.00144
  JAN  18  52292 -.179255  .346096 -.1265861    .0003639    -.05324  -.00140
  JAN  19  52293 -.178747  .349244 -.1270297    .0004998    -.05339  -.00140
  JAN  20  52294 -.178421  .352299 -.1275721    .0005626    -.05332  -.00141
  JAN  21  52295 -.178180  .355316 -.1281400    .0005806    -.05316  -.00141
  JAN  22  52296 -.177728  .358525 -.1287188    .0005914    -.05303  -.00138
  JAN  23  52297 -.177094  .361877 -.1293096    .0005777    -.05307  -.00132
  JAN  24  52298 -.176544  .365322 -.1298645    .0004997    -.05340  -.00125
  JAN  25  52299 -.175784  .368738 -.1303063    .0003847    -.05386  -.00125
  JAN  26  52300 -.175042  .372167 -.1306433    .0003042    -.05433  -.00147
  JAN  27  52301 -.174363  .375468 -.1309387    .0003177    -.05458  -.00180
  JAN  28  52302 -.173574  .378700 -.1313133    .0004646    -.05442  -.00209
  JAN  29  52303 -.172851  .382000 -.1319021    .0007224    -.05385  -.00222
  JAN  30  52304 -.172158  .385086 -.1327784    .0010058    -.05296  -.00210
  JAN  31  52305 -.170811  .388260 -.1339105    .0012234    -.05230  -.00189
  FEB   1  52306 -.168930  .391539 -.1351985    .0013684    -.05207  -.00168
  FEB   2  52307 -.167407  .394741 -.1366058    .0014496    -.05232  -.00151
  FEB   3  52308 -.166394  .397864 -.1380551    .0014436    -.05290  -.00140
  FEB   4  52309 -.165499  .400794 -.1394615    .0013413    -.05356  -.00138
  FEB   5  52310 -.164330  .403504 -.1407232    .0011322    -.05401  -.00143
  FEB   6  52311 -.163217  .406296 -.1417281    .0008526    -.05397  -.00150
  FEB   7  52312 -.162236  .409329 -.1424434    .0006364    -.05368  -.00163
  FEB   8  52313 -.161140  .412416 -.1430232    .0004876    -.05336  -.00182
  FEB   9  52314 -.159716  .415414 -.1434430    .0003885    -.05299  -.00201
  FEB  10  52315 -.157951  .418806 -.1438227    .0004033    -.05265  -.00215
  FEB  11  52316 -.156059  .422436 -.1442675    .0004826    -.05247  -.00220
  FEB  12  52317 -.154391  .425729 -.1447996    .0005730    -.05251  -.00216
  FEB  13  52318 -.153260  .428747 -.1454182    .0006825    -.05277  -.00203
  FEB  14  52319 -.152396  .431669 -.1461622    .0007900    -.05289  -.00197
  FEB  15  52320 -.151413  .434400 -.1469894    .0008809    -.05282  -.00202
  FEB  16  52321 -.150137  .437076 -.1479102    .0009858    -.05278  -.00212
  FEB  17  52322 -.148490  .439721 -.1489451    .0010663    -.05275  -.00225
  FEB  18  52323 -.146764  .442379 -.1500276    .0010624    -.05272  -.00239
  FEB  19  52324 -.145256  .445139 -.1510574    .0009938    -.05267  -.00249
  FEB  20  52325 -.143797  .447850 -.1520065    .0009197    -.05263  -.00256
  FEB  21  52326 -.142056  .450755 -.1528934    .0008218    -.05252  -.00260
  FEB  22  52327 -.140234  .453915 -.1536553    .0007352    -.05250  -.00270
  FEB  23  52328 -.138438  .457201 -.1543813    .0007005    -.05269  -.00293
  FEB  24  52329 -.136514  .460591 -.1550866    .0007010    -.05294  -.00325
  FEB  25  52330 -.134056  .463767 -.1558205    .0008042    -.05307  -.00354
  FEB  26  52331 -.131073  .466855 -.1567260    .0010559    -.05298  -.00370
  FEB  27  52332 -.128353  .470137 -.1579435    .0013688    -.05249  -.00358
  FEB  28  52333 -.125976  .473432 -.1594472    .0015607    -.05193  -.00332
  MAR   1  52334 -.123365  .476522 -.1610244    .0016363    -.05152  -.00302
  MAR   2  52335 -.120674  .479683 -.1626689    .0016425    -.05157  -.00291
  MAR   3  52336 -.118442  .482838 -.1642645    .0015109    -.05191  -.00292
  MAR   4  52337 -.116640  .485849 -.1656647    .0012696    -.05231  -.00302
  MAR   5  52338 -.114510  .488863 -.1668001    .0010102    -.05254  -.00314
  MAR   6  52339 -.111754  .491674 -.1676995    .0008025    -.05240  -.00321
  MAR   7  52340 -.108648  .494268 -.1684298    .0006542    -.05239  -.00343
  MAR   8  52341 -.105518  .496965 -.1690351    .0005760    -.05213  -.00356
  MAR   9  52342 -.102282  .499682 -.1696065    .0005534    -.05167  -.00366
  MAR  10  52343 -.099165  .502438 -.1701617    .0005671    -.05126  -.00372
  MAR  11  52344 -.096809  .505134 -.1707541    .0006557    -.05105  -.00368
  MAR  12  52345 -.095059  .507534 -.1714796    .0008127    -.05112  -.00351
  MAR  13  52346 -.092798  .509831 -.1723790    .0009511    -.05149  -.00324
  MAR  14  52347 -.090224  .512127 -.1733745    .0009974    -.05167  -.00307
  MAR  15  52348 -.087664  .514333 -.1743608    .0009725    -.05160  -.00306
  MAR  16  52349 -.084879  .516465 -.1753028    .0009324    -.05153  -.00314
  MAR  17  52350 -.081826  .518400 -.1762082    .0008817    -.05144  -.00326
  MAR  18  52351 -.078705  .520250 -.1770515    .0007896    -.05132  -.00342
  MAR  19  52352 -.075624  .522192 -.1777774    .0006557    -.05120  -.00359
  MAR  20  52353 -.072520  .523946 -.1783592    .0005230    -.05102  -.00374
  MAR  21  52354 -.069263  .525600 -.1788274    .0004277    -.05089  -.00390
  MAR  22  52355 -.065766  .527412 -.1792282    .0003841    -.05083  -.00410
  MAR  23  52356 -.062271  .529109 -.1796202    .0004099    -.05089  -.00439
  MAR  24  52357 -.058812  .530609 -.1800818    .0005170    -.05095  -.00468
  MAR  25  52358 -.055155  .532178 -.1806893    .0007093    -.05093  -.00486
  MAR  26  52359 -.051358  .533918 -.1815241    .0009859    -.05077  -.00486
  MAR  27  52360 -.047888  .535698 -.1826617    .0013022    -.05046  -.00464
  MAR  28  52361 -.044859  .537256 -.1841012    .0015283    -.05016  -.00446
  MAR  29  52362 -.041731  .538459 -.1856697    .0015451    -.04992  -.00427
  MAR  30  52363 -.038226  .539443 -.1871376    .0013968    -.04976  -.00409
  MAR  31  52364 -.034482  .540146 -.1884220    .0011795    -.04971  -.00401
  APR   1  52365 -.030729  .540683 -.1894788    .0009271    -.04977  -.00408
  APR   2  52366 -.026958  .541116 -.1902828    .0006771    -.04992  -.00430
  APR   3  52367 -.022956  .541717 -.1908566    .0004869    -.05014  -.00463
  APR   4  52368 -.018807  .542789 -.1912869    .0003975    -.05038  -.00500
  APR   5  52369 -.014956  .544191 -.1916804    .0003825    -.05077  -.00508
  APR   6  52370 -.011589  .545687 -.1920748    .0004266    -.05108  -.00500
  APR   7  52371 -.008699  .546951 -.1925492    .0005298    -.05117  -.00483
  APR   8  52372 -.006169  .547842 -.1931427    .0006465    -.05100  -.00462
  APR   9  52373 -.003784  .548585 -.1938435    .0007516    -.05060  -.00442
  APR  10  52374 -.001789  .549240 -.1946405    .0008565    -.05002  -.00427
  APR  11  52375  .000627  .549663 -.1955450    .0009446    -.04988  -.00409
  APR  12  52376  .003749  .550347 -.1965140    .0009648    -.05015  -.00394
  APR  13  52377  .006839  .551227 -.1974567    .0009140    -.05031  -.00395
  APR  14  52378  .009938  .551874 -.1983248    .0008020    -.05030  -.00412
  APR  15  52379  .012910  .552512 -.1990477    .0006245    -.05023  -.00436
  APR  16  52380  .015688  .553105 -.1995677    .0004322    -.05014  -.00463
  APR  17  52381  .018840  .553641 -.1999147    .0003084    -.05019  -.00483
  APR  18  52382  .022159  .554135 -.2001966    .0002623    -.05029  -.00497
  APR  19  52383  .025498  .554512 -.2004608    .0002323    -.05036  -.00508
  APR  20  52384  .028942  .554840 -.2006904    .0002430    -.05033  -.00519
  APR  21  52385  .032059  .554970 -.2009792    .0003777    -.05021  -.00529
  APR  22  52386  .034905  .554925 -.2014736    .0006336    -.05002  -.00535
  APR  23  52387  .037832  .554785 -.2022590    .0009264    -.04982  -.00536
  APR  24  52388  .041198  .554597 -.2033152    .0011759    -.04970  -.00528
  APR  25  52389  .044914  .554474 -.2045752    .0013668    -.04969  -.00513
  APR  26  52390  .048694  .554318 -.2059982    .0014256    -.04983  -.00496
  APR  27  52391  .052520  .553926 -.2073767    .0013010    -.05007  -.00481
  APR  28  52392  .056267  .553327 -.2085676    .0010428    -.05038  -.00475
  APR  29  52393  .059977  .552877 -.2094550    .0007108    -.05067  -.00482
  APR  30  52394  .063533  .552663 -.2100046    .0004192    -.05087  -.00501
  MAY   1  52395  .066804  .552541 -.2103225    .0002672    -.05097  -.00529
  MAY   2  52396  .070046  .552244 -.2105709    .0002066    -.05092  -.00551
  MAY   3  52397  .073386  .551958 -.2107627    .0002081    -.05073  -.00557
  MAY   4  52398  .076894  .551792 -.2110062    .0003157    -.05039  -.00530
  MAY   5  52399  .080722  .551679 -.2114046    .0004748    -.05005  -.00489
  MAY   6  52400  .084750  .551546 -.2119586    .0006135    -.04987  -.00459
  MAY   7  52401  .088534  .551228 -.2126276    .0007355    -.04990  -.00454
  MAY   8  52402  .091574  .550684 -.2134197    .0008748    -.05014  -.00489
  MAY   9  52403  .094292  .549855 -.2143629    .0009673    -.05069  -.00479
  MAY  10  52404  .097679  .549145 -.2153371    .0009838    -.05095  -.00466
  MAY  11  52405  .101105  .548820 -.2163131    .0009588    -.05098  -.00469
  MAY  12  52406  .103986  .548344 -.2172394    .0008729    -.05089  -.00484
  MAY  13  52407  .106825  .547541 -.2180494    .0007412    -.05078  -.00508
  MAY  14  52408  .109750  .546650 -.2187213    .0006222    -.05075  -.00531
  MAY  15  52409  .112147  .545522 -.2193039    .0005584    -.05093  -.00545
  MAY  16  52410  .114223  .543974 -.2198582    .0005140    -.05110  -.00552
  MAY  17  52411  .116517  .542382 -.2203593    .0004860    -.05111  -.00554
  MAY  18  52412  .119110  .541206 -.2208600    .0005592    -.05096  -.00552
  MAY  19  52413  .122024  .540453 -.2215035    .0007731    -.05075  -.00549
  MAY  20  52414  .125252  .539927 -.2224210    .0010621    -.05059  -.00546
  MAY  21  52415  .128463  .539453 -.2236254    .0013026    -.05059  -.00541
  MAY  22  52416  .131227  .538792 -.2250036    .0014155    -.05088  -.00535
  MAY  23  52417  .133689  .537899 -.2264167    .0014226    -.05134  -.00526
  MAY  24  52418  .135979  .536983 -.2278027    .0013222    -.05183  -.00513
  MAY  25  52419  .138217  .536019 -.2290224    .0010851    -.05211  -.00497
  MAY  26  52420  .140549  .534923 -.2299534    .0007625    -.05218  -.00484
  MAY  27  52421  .143246  .533749 -.2305511    .0004441    -.05208  -.00480
  MAY  28  52422  .146268  .532620 -.2308640    .0002055    -.05187  -.00487
  MAY  29  52423  .149155  .531395 -.2309935    .0000727    -.05167  -.00505
  MAY  30  52424  .151934  .529994 -.2310396    .0000260    -.05161  -.00529
  MAY  31  52425  .154718  .528530 -.2310686    .0000342    -.05160  -.00551
  JUN   1  52426  .157330  .527017 -.2311218    .0000672    -.05150  -.00564
  JUN   2  52427  .159874  .525280 -.2312080    .0001241    -.05142  -.00564
  JUN   3  52428  .162503  .523399 -.2313674    .0002044    -.05148  -.00552
  JUN   4  52429  .165247  .521650 -.2316077    .0002414    -.05179  -.00532
  JUN   5  52430  .168323  .520028 -.2318367    .0001729    -.05237  -.00510
  JUN   6  52431  .171446  .518421 -.2319376    .0000686    -.05299  -.00498
  JUN   7  52432  .174538  .516737 -.2319572   -.0000190    -.05350  -.00498
  JUN   8  52433  .177659  .515057 -.2318842   -.0001377    -.05378  -.00506
  JUN   9  52434  .180704  .513447 -.2316700   -.0002990    -.05385  -.00517
  JUN  10  52435  .183575  .511769 -.2312817   -.0004726    -.05382  -.00530
  JUN  11  52436  .186129  .509881 -.2307307   -.0006162    -.05378  -.00542
  JUN  12  52437  .188425  .507802 -.2300669   -.0006978    -.05384  -.00553
  JUN  13  52438  .190803  .505727 -.2293622   -.0006977    -.05390  -.00558
  JUN  14  52439  .193234  .503906 -.2287025   -.0005826    -.05391  -.00557
  JUN  15  52440  .195899  .502178 -.2282236   -.0003673    -.05375  -.00554
  JUN  16  52441  .199104  .500076 -.2279826   -.0001322    -.05345  -.00550
  JUN  17  52442  .202300  .497747 -.2279575    .0000639    -.05321  -.00545
  JUN  18  52443  .204947  .495326 -.2280912    .0002061    -.05320  -.00535
  JUN  19  52444  .207506  .492799 -.2283369    .0003041    -.05363  -.00519
  JUN  20  52445  .210240  .490537 -.2286602    .0003441    -.05430  -.00500
  JUN  21  52446  .212637  .488681 -.2289890    .0003059    -.05499  -.00482
  JUN  22  52447  .214624  .486691 -.2292490    .0001744    -.05545  -.00468
  JUN  23  52448  .216560  .484332 -.2293339   -.0000036    -.05560  -.00465
  JUN  24  52449  .218257  .481824 -.2292564   -.0001223    -.05547  -.00474
  JUN  25  52450  .219573  .479161 -.2291163   -.0001554    -.05519  -.00495
  JUN  26  52451  .220875  .476279 -.2289761   -.0001519    -.05493  -.00523
  JUN  27  52452  .222504  .473224 -.2288383   -.0001055    -.05482  -.00550
  JUN  28  52453  .224414  .470105 -.2287823    .0000151    -.05491  -.00567
  JUN  29  52454  .226036  .467218 -.2288762    .0001242    -.05523  -.00567
  JUN  30  52455  .227229  .464481 -.2290298    .0001846    -.05566  -.00556
  JUL   1  52456  .228141  .461598 -.2292375    .0002772    -.05606  -.00541
  JUL   2  52457  .228806  .458509 -.2295713    .0003990    -.05634  -.00530
  JUL   3  52458  .229482  .455552 -.2300197    .0004352    -.05647  -.00529
  JUL   4  52459  .230004  .452641 -.2304254    .0003911    -.05663  -.00530
  JUL   5  52460  .230393  .449618 -.2307872    .0003157    -.05692  -.00532
  JUL   6  52461  .230839  .446330 -.2310451    .0001672    -.05731  -.00532
  JUL   7  52462  .231574  .442805 -.2311150    .0000046    -.05775  -.00530
  JUL   8  52463  .232367  .439493 -.2310558   -.0001033    -.05814  -.00527
  JUL   9  52464  .233076  .436313 -.2309212   -.0002015    -.05838  -.00526
  JUL  10  52465  .234045  .433247 -.2306777   -.0003097    -.05834  -.00530
  JUL  11  52466  .235406  .430341 -.2303347   -.0002702    -.05814  -.00537
  JUL  12  52467  .236821  .427384 -.2301686   -.0000675    -.05788  -.00544
  JUL  13  52468  .238097  .424387 -.2302191    .0001464    -.05776  -.00547
  JUL  14  52469  .239208  .421324 -.2304614    .0003490    -.05777  -.00546
  JUL  15  52470  .240219  .418250 -.2308968    .0005280    -.05793  -.00540
  JUL  16  52471  .241167  .415476 -.2314825    .0006050    -.05821  -.00533
  JUL  17  52472  .241964  .412789 -.2320672    .0005242    -.05850  -.00526
  JUL  18  52473  .242942  .410251 -.2324960    .0003817    -.05879  -.00521
  JUL  19  52474  .243915  .408053 -.2328085    .0001729    -.05906  -.00516
  JUL  20  52475  .244372  .405581 -.2328365   -.0001383    -.05933  -.00511
  JUL  21  52476  .244779  .402671 -.2325431   -.0004161    -.05952  -.00507
  JUL  22  52477  .245532  .399675 -.2320278   -.0005835    -.05959  -.00508
  JUL  23  52478  .246260  .396878 -.2314051   -.0006644    -.05953  -.00512
  JUL  24  52479  .246681  .394055 -.2307259   -.0007006    -.05932  -.00521
  JUL  25  52480  .246952  .391042 -.2300239   -.0006607    -.05906  -.00530
  JUL  26  52481  .246927  .387865 -.2294151   -.0005192    -.05886  -.00535
  JUL  27  52482  .246874  .384347 -.2289869   -.0003587    -.05878  -.00535
  JUL  28  52483  .247179  .380546 -.2286912   -.0002486    -.05888  -.00530
  JUL  29  52484  .247694  .376782 -.2284774   -.0001802    -.05918  -.00522
  JUL  30  52485  .248530  .373200 -.2283147   -.0001647    -.05965  -.00513
  JUL  31  52486  .249843  .369832 -.2281312   -.0002191    -.06025  -.00505
  AUG   1  52487  .251255  .366786 -.2278616   -.0003011    -.06086  -.00501
  AUG   2  52488  .252234  .364128 -.2275177   -.0003696    -.06136  -.00501
  AUG   3  52489  .253012  .361523 -.2271156   -.0004667    -.06164  -.00509
  AUG   4  52490  .253975  .358915 -.2265836   -.0006074    -.06169  -.00520
  AUG   5  52491  .254982  .356284 -.2259089   -.0007194    -.06153  -.00531
  AUG   6  52492  .255768  .353306 -.2251642   -.0007448    -.06123  -.00538
  AUG   7  52493  .256726  .350171 -.2244499   -.0006654    -.06092  -.00537
  AUG   8  52494  .257931  .347358 -.2238689   -.0004800    -.06071  -.00532
  AUG   9  52495  .259056  .344740 -.2235186   -.0001890    -.06069  -.00526
  AUG  10  52496  .259935  .342211 -.2235004    .0001356    -.06092  -.00522
  AUG  11  52497  .260425  .339678 -.2237743    .0003912    -.06136  -.00520
  AUG  12  52498  .260506  .336847 -.2242456    .0005372    -.06187  -.00519
  AUG  13  52499  .260663  .333716 -.2248017    .0005628    -.06234  -.00518
  AUG  14  52500  .260877  .330791 -.2253288    .0004723    -.06264  -.00519
  AUG  15  52501  .260804  .328171 -.2257195    .0002730    -.06275  -.00521
  AUG  16  52502  .260588  .325524 -.2258682    .0000365    -.06272  -.00525
  AUG  17  52503  .260274  .322921 -.2258041   -.0001632    -.06264  -.00529
  AUG  18  52504  .259758  .320273 -.2255656   -.0003178    -.06256  -.00533
  AUG  19  52505  .259104  .317492 -.2251977   -.0004051    -.06251  -.00537
  AUG  20  52506  .258524  .314597 -.2247833   -.0003867    -.06250  -.00539
  AUG  21  52507  .257884  .311659 -.2244458   -.0002635    -.06251  -.00540
  AUG  22  52508  .257221  .308624 -.2242692   -.0000880    -.06254  -.00536
  AUG  23  52509  .256760  .305294 -.2242736    .0000457    -.06255  -.00526
  AUG  24  52510  .256262  .301999 -.2243559    .0001490    -.06252  -.00511
  AUG  25  52511  .255547  .298651 -.2245601    .0002607    -.06245  -.00493
  AUG  26  52512  .254891  .295129 -.2248614    .0003165    -.06237  -.00478
  AUG  27  52513  .254562  .291606 -.2251755    .0003184    -.06232  -.00468
  AUG  28  52514  .254588  .288332 -.2254818    .0002930    -.06236  -.00463
  AUG  29  52515  .254567  .285405 -.2257488    .0001745    -.06250  -.00463
  AUG  30  52516  .254152  .282233 -.2258237    .0000277    -.06273  -.00467
  AUG  31  52517  .253564  .279087 -.2258030   -.0000833    -.06290  -.00481
  SEP   1  52518  .252789  .276042 -.2256632   -.0001992    -.06300  -.00495
  SEP   2  52519  .251622  .272834 -.2254196   -.0002708    -.06300  -.00504
  SEP   3  52520  .250154  .269636 -.2251472   -.0002390    -.06286  -.00510
  SEP   4  52521  .249006  .266552 -.2249756   -.0000988    -.06262  -.00511
  SEP   5  52522  .248274  .263538 -.2249841    .0000858    -.06259  -.00500
  SEP   6  52523  .247470  .260556 -.2251696    .0003562    -.06249  -.00487
  SEP   7  52524  .246259  .257944 -.2256949    .0007062    -.06230  -.00473
  SEP   8  52525  .244641  .255633 -.2265522    .0009709    -.06235  -.00457
  SEP   9  52526  .242783  .253186 -.2275867    .0010589    -.06271  -.00440
  SEP  10  52527  .241005  .250483 -.2286160    .0009495    -.06327  -.00427
  SEP  11  52528  .239339  .247978 -.2294453    .0006846    -.06389  -.00422
  SEP  12  52529  .237551  .245470 -.2299688    .0004196    -.06413  -.00342
  SEP  13  52530  .235830  .242712 -.2302927    .0002239    -.06434  -.00362
  SEP  14  52531  .234253  .239685 -.2304339    .0000581    -.06421  -.00393
  SEP  15  52532  .232912  .236688 -.2304243   -.0000478    -.06378  -.00427
  SEP  16  52533  .231821  .234381 -.2303555   -.0000581    -.06317  -.00455
  SEP  17  52534  .230187  .232530 -.2303065    .0000452    -.06256  -.00466
  SEP  18  52535  .227874  .230821 -.2303285    .0001987    -.06206  -.00456
  SEP  19  52536  .225537  .228913 -.2304637    .0003618    -.06177  -.00426
