POTMODEL 36 36 0.39860044150000E+15 0.63781364600000E+07  GEM-T1 PUBL. (GODDARD PRE-TOPEX MODEL)
POTENTIA  0  0    0.99999999988600E+00 0.00000000E+00 -1    GEMT1
POTENTIA  1  0 0.0 -1    GEMT1
POTENTIA  2  0  -0.48416511550920E-03 0.00000000E+00 -1    GEMT1
POTENTIA  3  0   0.95857491635129E-06 0.00000000E+00 -1    GEMT1		
POTENTIA  4  0   0.53978784165717E-06 0.00000000E+00 -1    GEMT1		
POTENTIA  5  0    .67267595149600E-07 0.00000000E+00 -1    GEMT1		
POTENTIA  6  0   -.14984935574400E-06 0.00000000E+00 -1    GEMT1		
POTENTIA  7  0    .93018772330700E-07 0.00000000E+00 -1    GEMT1		
POTENTIA  8  0    .50390908420700E-07 0.00000000E+00 -1    GEMT1		
POTENTIA  9  0    .26283561211800E-07 0.00000000E+00 -1    GEMT1		
POTENTIA 10  0    .51019521477800E-07 0.00000000E+00 -1    GEMT1		
POTENTIA 11  0   -.50353602252700E-07 0.00000000E+00 -1    GEMT1		
POTENTIA 12  0    .41517008678700E-07 0.00000000E+00 -1    GEMT1		
POTENTIA 13  0    .42570616278700E-07 0.00000000E+00 -1    GEMT1		
POTENTIA 14  0   -.30423459912400E-07 0.00000000E+00 -1    GEMT1		
POTENTIA 15  0   -.99715693717700E-09 0.00000000E+00 -1    GEMT1		
POTENTIA 16  0    .26151706605900E-08 0.00000000E+00 -1    GEMT1		
POTENTIA 17  0    .21462883965600E-07 0.00000000E+00 -1    GEMT1		
POTENTIA 18  0    .10330020437900E-09 0.00000000E+00 -1    GEMT1		
POTENTIA 19  0   -.68883304010200E-08 0.00000000E+00 -1    GEMT1		
POTENTIA 20  0    .23408478037300E-07 0.00000000E+00 -1    GEMT1		
POTENTIA 21  0    .67543655965900E-08 0.00000000E+00 -1    GEMT1		
POTENTIA 22  0   -.10685160590000E-07 0.00000000E+00 -1    GEMT1		
POTENTIA 23  0   -.20962589338500E-07 0.00000000E+00 -1    GEMT1		
POTENTIA 24  0   -.68229176685100E-09 0.00000000E+00 -1    GEMT1		
POTENTIA 25  0    .18643229164600E-08 0.00000000E+00 -1    GEMT1		
POTENTIA 26  0    .29256788422500E-08 0.00000000E+00 -1    GEMT1		
POTENTIA 27  0    .52551151856900E-08 0.00000000E+00 -1    GEMT1		
POTENTIA 28  0   -.72279902484800E-08 0.00000000E+00 -1    GEMT1		
POTENTIA 29  0   -.42817966711500E-08 0.00000000E+00 -1    GEMT1		
POTENTIA 30  0    .22749935477200E-08 0.00000000E+00 -1    GEMT1		
POTENTIA 31  0    .28865967723900E-08 0.00000000E+00 -1    GEMT1		
POTENTIA 32  0   -.12504024528200E-08 0.00000000E+00 -1    GEMT1		
POTENTIA 33  0   -.64974402738600E-08 0.00000000E+00 -1    GEMT1		
POTENTIA 34  0   -.59088061223600E-08 0.00000000E+00 -1    GEMT1		
POTENTIA 35  0    .39735711306800E-08 0.00000000E+00 -1    GEMT1		
POTENTIA 36  0   -.57420193566200E-08 -1 GEMT1		
POTENTIA  1  1 0.0            0.00000000E+00 -1    GEMT1		  
POTENTIA  2  1  -.18733455965900E-09  .13141024216800E-08 -1    GEMT1		  
POTENTIA  3  1   .20303202832900E-05  .24813125796000E-06 -1    GEMT1	  
POTENTIA  4  1  -.53630014001300E-06 -.47324047899200E-06 -1    GEMT1	  
POTENTIA  5  1  -.62657859499900E-07 -.94193747309500E-07 -1    GEMT1	  
POTENTIA  6  1  -.75628730817400E-07  .25931179486100E-07 -1    GEMT1	  
POTENTIA  7  1   .28016890332500E-06  .94522584334000E-07 -1    GEMT1	  
POTENTIA  8  1   .22639117328600E-07  .59841227866400E-07 -1    GEMT1	  
POTENTIA  9  1   .14319697931300E-06  .22259963708900E-07 -1    GEMT1	  
POTENTIA 10  1   .84654544251600E-07 -.13208439230400E-06 -1    GEMT1	  
POTENTIA 11  1   .13681463797400E-07 -.28941149518800E-07 -1    GEMT1	  
POTENTIA 12  1  -.54940397398000E-07 -.43370872993700E-07 -1    GEMT1	  
POTENTIA 13  1  -.49165363831700E-07  .40921272721500E-07 -1    GEMT1	  
POTENTIA 14  1  -.18042985316600E-07  .30723269965200E-07 -1    GEMT1	  
POTENTIA 15  1   .76170666258700E-08  .83393350336400E-08 -1    GEMT1	  
POTENTIA 16  1   .25533083685000E-07  .29856433035700E-07 -1    GEMT1	  
POTENTIA 17  1  -.24631381770800E-07 -.30889047150400E-07 -1    GEMT1	  
POTENTIA 18  1   .71514676773600E-08 -.34908640700300E-07 -1    GEMT1	  
POTENTIA 19  1  -.89347724047200E-08  .18846117591300E-08 -1    GEMT1	  
POTENTIA 20  1   .47218527183200E-08  .43601886550900E-08 -1    GEMT1	  
POTENTIA 21  1  -.17023361626200E-07  .25569567920700E-07 -1    GEMT1	  
POTENTIA 22  1   .16421875343800E-07 -.34962092207300E-08 -1    GEMT1	  
POTENTIA 23  1   .85583664329200E-08  .18303662937100E-07 -1    GEMT1	  
POTENTIA 24  1  -.40455678327700E-08 -.68360395065300E-10 -1    GEMT1	  
POTENTIA 25  1   .76555387414300E-08 -.98577794843900E-08 -1    GEMT1	  
POTENTIA 26  1  -.39137865298200E-09 -.80135332912700E-08 -1    GEMT1	  
POTENTIA 27  1   .84117773454600E-09  .10379252865100E-09 -1    GEMT1	  
POTENTIA 28  1  -.41290093747300E-08  .83796470531200E-08 -1    GEMT1	  
POTENTIA 29  1   .59821538603400E-08 -.10892394459500E-07 -1    GEMT1	  
POTENTIA 30  1  -.13450952229800E-08  .35604496875000E-08 -1    GEMT1	  
POTENTIA 31  1   .60313010972000E-08 -.20157266987600E-07 -1    GEMT1	  
POTENTIA 32  1   .87062123795000E-09 -.26814800846700E-09 -1    GEMT1	  
POTENTIA 33  1  -.33616025782200E-08 -.54887500123800E-08 -1    GEMT1	  
POTENTIA 34  1  -.40769793287200E-08  .62384317592700E-08 -1    GEMT1	  
POTENTIA 35  1  -.13186893782100E-07 -.96820416093000E-08 -1    GEMT1	  
POTENTIA 36  1  -.25917124898800E-08  .67259142894600E-08 -1    GEMT1	  
POTENTIA  2  2   .24392960708200E-05 -.14002711594700E-05  -1    GEMT1	  
POTENTIA  3  2   .90479639502100E-06 -.61896655973200E-06  -1    GEMT1
POTENTIA  4  2   .35054995182500E-06  .66252801543900E-06 -1    GEMT1
POTENTIA  5  2   .65223111092400E-06 -.32332420501900E-06  -1    GEMT1
POTENTIA  6  2   .48839059729900E-07 -.37374813273000E-06  -1    GEMT1
POTENTIA  7  2   .33057577691300E-06  .93073132587500E-07 -1    GEMT1
POTENTIA  8  2   .79613316779300E-07  .65291624867700E-07 -1    GEMT1
POTENTIA  9  2   .20946813566900E-07 -.32255164385200E-07  -1    GEMT1
POTENTIA 10  2  -.93500875097600E-07 -.51460924161500E-07  -1    GEMT1
POTENTIA 11  2   .21274050424700E-07 -.98252619992800E-07  -1    GEMT1
POTENTIA 12  2   .13953332225800E-07  .31398020481600E-07 -1    GEMT1
POTENTIA 13  2   .54032901405000E-07 -.63903967162300E-07  -1    GEMT1
POTENTIA 14  2  -.36541007894900E-07 -.49247420289700E-08  -1    GEMT1
POTENTIA 15  2  -.19393456802500E-07 -.28930517651800E-07  -1    GEMT1
POTENTIA 16  2  -.22988635628400E-07  .29480741132100E-07 -1    GEMT1
POTENTIA 17  2  -.20696786119600E-07  .49291282727400E-08  -1    GEMT1
POTENTIA 18  2   .12807785727000E-07  .84503990132800E-08 -1    GEMT1
POTENTIA 19  2   .35824289899700E-07 -.46016741691200E-09 -1    GEMT1
POTENTIA 20  2   .21499596179300E-07  .20127171722400E-07 -1    GEMT1
POTENTIA 21  2  -.64327700359300E-08  .28718079600700E-08 -1    GEMT1
POTENTIA 22  2  -.27104317842200E-07 -.42637329397400E-08  -1    GEMT1
POTENTIA 23  2  -.12483810848500E-07 -.37350056162900E-08  -1    GEMT1
POTENTIA 24  2   .10657606358900E-08  .16690849847600E-07 -1    GEMT1
POTENTIA 25  2   .20209448774500E-07  .89867372684200E-08 -1    GEMT1
POTENTIA 26  2  -.26400453647000E-08  .10713389993700E-07 -1    GEMT1
POTENTIA 27  2   .42249983580100E-08  .19958029738300E-09  -1    GEMT1
POTENTIA 28  2  -.12692017134900E-07 -.80821135093400E-08  -1    GEMT1
POTENTIA 29  2  -.22139465668400E-08 -.28625420749200E-08  -1    GEMT1
POTENTIA 30  2  -.11763298173100E-07 -.18394985292200E-08  -1    GEMT1
POTENTIA 31  2   .54819761791000E-08  .48755933211400E-08 -1    GEMT1
POTENTIA 32  2   .10550236373000E-07 -.28069225249300E-08 -1    GEMT1
POTENTIA 33  2  -.53631209781000E-08  .61336221831800E-09 -1    GEMT1
POTENTIA 34  2   .90183043787600E-08  .66587825737500E-08 -1    GEMT1
POTENTIA 35  2  -.15277762540800E-07  .78334227082400E-08 -1    GEMT1
POTENTIA 36  2  -.72654425512200E-08 -.40092757573700E-08  -1    GEMT1
POTENTIA  3  3   0.72125054598827E-06 0.14141815219575E-05 -1    GEMT1
POTENTIA  4  3   0.99092850932598E-06 -0.20098943979117E-06 -1    GEMT1
POTENTIA  5  3  -0.45151101105141E-06 -0.21468250413555E-06 -1    GEMT1
POTENTIA  6  3   0.57556605716277E-07 0.88330162086032E-08 -1    GEMT1
POTENTIA  7  3   0.24920504778929E-06 -0.21815572558727E-06 -1    GEMT1
POTENTIA  8  3  -0.19529139555754E-07 -0.86406097990368E-07 -1    GEMT1
POTENTIA  9  3  -0.15817652261251E-06 -0.72480206487092E-07 -1    GEMT1
POTENTIA 10  3  -0.66571478777674E-08 -0.15246457048479E-06 -1    GEMT1
POTENTIA 11  3  -0.34095227751661E-07 -0.15124802131231E-06 -1    GEMT1
POTENTIA 12  3   0.40052423045878E-07 0.21263426852189E-07 -1    GEMT1
POTENTIA 13  3  -0.17798322084192E-07 0.99522202016106E-07 -1    GEMT1
POTENTIA 14  3   0.34887269181921E-07 0.25547509181941E-07 -1    GEMT1
POTENTIA 15  3   0.50758946062521E-07 0.18229293394157E-07 -1    GEMT1
POTENTIA 16  3  -0.29875150456493E-07 -0.27650780521660E-07 -1    GEMT1
POTENTIA 17  3   0.66461456823826E-08 0.16721023589816E-08 -1    GEMT1
POTENTIA 18  3  -0.11307606429745E-07 -0.95005796349504E-09 -1    GEMT1
POTENTIA 19  3  -0.58684244938043E-08 0.57516783449586E-08 -1    GEMT1
POTENTIA 20  3   0.12824700691780E-08 0.37524851645236E-07 -1    GEMT1
POTENTIA 21  3   0.16700962663726E-07 0.18666411734068E-07 -1    GEMT1
POTENTIA 22  3   0.47625305897803E-08 0.90454277944247E-08 -1    GEMT1
POTENTIA 23  3  -0.18971257087841E-07 -0.21625475090141E-07 -1    GEMT1
POTENTIA 24  3  -0.26779599349781E-08 -0.10198303417083E-07 -1    GEMT1
POTENTIA 25  3  -0.14621226586242E-07 -0.94140269698510E-08 -1    GEMT1
POTENTIA 26  3   0.15367316162800E-07 0.72016691689278E-08 -1    GEMT1
POTENTIA 27  3   0.71338741206960E-08 0.41950627176561E-08 -1    GEMT1
POTENTIA 28  3   0.58819554908715E-08 0.29484468764145E-08 -1    GEMT1
POTENTIA 29  3   0.44238320635567E-09 -0.62872046512716E-08 -1    GEMT1
POTENTIA 30  3   0.33505322554334E-08 -0.85143346217191E-08 -1    GEMT1
POTENTIA 31  3  -0.93306205678656E-08 -0.10541866012845E-08 -1    GEMT1
POTENTIA 32  3   0.53949117232753E-08 0.55272874970938E-08 -1    GEMT1
POTENTIA 33  3   0.24644701700594E-08 0.33164152377003E-08 -1    GEMT1
POTENTIA 34  3   0.73047104226609E-08 0.26027416263284E-08 -1    GEMT1
POTENTIA 35  3   0.23276356556812E-08 0.12112204959899E-08 -1    GEMT1
POTENTIA 36  3   0.41359962854481E-09 -0.97413891310531E-08 -1    GEMT1
POTENTIA  4  4 -0.18849817497820E-06 0.30881306804404E-06 -1    GEMT1
POTENTIA  5  4 -0.29525023054465E-06 0.49767013493846E-07 -1    GEMT1
POTENTIA  6  4 -0.86430648337642E-07 -0.47138359124748E-06 -1    GEMT1
POTENTIA  7  4 -0.27521898728159E-06 -0.12413084990707E-06 -1    GEMT1
POTENTIA  8  4 -0.24361485355059E-06 0.70333281460062E-07 -1    GEMT1
POTENTIA  9  4 -0.84069072975427E-08 0.20283953402225E-07 -1    GEMT1
POTENTIA 10  4 -0.86047696650653E-07 -0.79219633320730E-07 -1    GEMT1
POTENTIA 11  4 -0.39286074730512E-07 -0.64736809150962E-07 -1    GEMT1
POTENTIA 12  4 -0.67778929726118E-07 0.41717363905862E-08 -1    GEMT1
POTENTIA 13  4 -0.99659928122830E-09 -0.96570635493805E-08 -1    GEMT1
POTENTIA 14  4  0.35976795120460E-08 -0.22626630175657E-07 -1    GEMT1
POTENTIA 15  4 -0.42502251379680E-07 0.35803759744194E-08 -1    GEMT1
POTENTIA 16  4  0.34454135252859E-07 0.48816786433632E-07 -1    GEMT1
POTENTIA 17  4  0.70364629134506E-08 0.27990339157569E-07 -1    GEMT1
POTENTIA 18  4  0.63526214671120E-07 -0.16608247885068E-08 -1    GEMT1
POTENTIA 19  4  0.18734042499529E-07 -0.99608896384790E-08 -1    GEMT1
POTENTIA 20  4 -0.47014435151872E-08 -0.18981256923714E-07 -1    GEMT1
POTENTIA 21  4 -0.12293435732043E-07 0.17300569441503E-07 -1    GEMT1
POTENTIA 22  4  0.47177906710645E-09 0.13475945137749E-07 -1    GEMT1
POTENTIA 23  4 -0.16495821785981E-07 0.12071398510770E-07 -1    GEMT1
POTENTIA 24  4  0.73517627101488E-08 0.80424365028368E-08 -1    GEMT1
POTENTIA 25  4  0.74151898518789E-08-0.44202506773612E-08 -1    GEMT1
POTENTIA 26  4  0.12526198903878E-07 -0.21102502750791E-07 -1    GEMT1
POTENTIA 27  4 -0.53464672562301E-08 0.12901706708266E-07 -1    GEMT1
POTENTIA 28  4  0.35496689463479E-08 0.87962522999242E-08 -1    GEMT1
POTENTIA 29  4 -0.12635585133399E-07 0.15725333754513E-08 -1    GEMT1
POTENTIA 30  4 -0.38630886367505E-08 0.46041188084288E-08 -1    GEMT1
POTENTIA 31  4  0.17255009897503E-08 -0.59044097749449E-08 -1    GEMT1
POTENTIA 32  4 -0.35493666625678E-08 -0.67716884592506E-08 -1    GEMT1
POTENTIA 33  4  0.88028733392855E-09 0.46226899357406E-08 -1    GEMT1
POTENTIA 34  4 -0.39691115619867E-08 -0.69843190567803E-09 -1    GEMT1
POTENTIA 35  4  0.85948288529797E-11 0.52389981404293E-08 -1    GEMT1
POTENTIA 36  4  0.68540507156881E-09 0.21364986453138E-08 -1    GEMT1
POTENTIA  5  5  0.17482187063070E-06-0.66933473515874E-06 -1    GEMT1
POTENTIA  6  5 -0.26713690789639E-06-0.53644863074262E-06 -1    GEMT1
POTENTIA  7  5  0.18803136190760E-08 0.18086852468296E-07 -1    GEMT1
POTENTIA  8  5 -0.25548178627418E-07 0.88962817538193E-07 -1    GEMT1
POTENTIA  9  5 -0.16846434053060E-07-0.54015810095802E-07 -1    GEMT1
POTENTIA 10  5 -0.49880752240416E-07-0.50119306700532E-07 -1    GEMT1
POTENTIA 11  5  0.38570914586434E-07 0.50400994017985E-07 -1    GEMT1
POTENTIA 12  5  0.32427229685219E-07 0.66917457139109E-08 -1    GEMT1
POTENTIA 13  5  0.56919140666758E-07 0.66636344754368E-07 -1    GEMT1
POTENTIA 14  5  0.27377541616265E-07-0.15498470656790E-07 -1    GEMT1
POTENTIA 15  5  0.13711759966620E-07 0.10059646736553E-07 -1    GEMT1
POTENTIA 16  5 -0.74240998413066E-08-0.48327266451370E-08 -1    GEMT1
POTENTIA 17  5 -0.16506704440589E-07 0.55617973842431E-08 -1    GEMT1
POTENTIA 18  5  0.41533067580360E-10 0.28003204878167E-07 -1    GEMT1
POTENTIA 19  5  0.87799567833683E-08 0.31202970415136E-07 -1    GEMT1
POTENTIA 20  5 -0.22808615560251E-08-0.10606691912105E-07 -1    GEMT1
POTENTIA 21  5  0.86197537976942E-08-0.17184613787912E-09 -1    GEMT1
POTENTIA 22  5 -0.72098189552309E-08 0.14898159313516E-08 -1    GEMT1
POTENTIA 23  5 -0.69097302270877E-08-0.21280095759767E-08 -1    GEMT1
POTENTIA 24  5 -0.22714166483857E-08-0.23758638522555E-07 -1    GEMT1
POTENTIA 25  5 -0.37340269432990E-08 0.51455813414509E-08 -1    GEMT1
POTENTIA 26  5  0.13822095750655E-07 0.10455237523442E-07 -1    GEMT1
POTENTIA 27  5  0.11766021197831E-07 0.83635740755723E-08 -1    GEMT1
POTENTIA 28  5  0.77693742735604E-08-0.62478629341267E-08 -1    GEMT1
POTENTIA 29  5 -0.10473084405221E-07 0.11330073726643E-07 -1    GEMT1
POTENTIA 30  5  0.36866791369147E-08-0.23892343866555E-08 -1    GEMT1
POTENTIA 31  5 -0.97416253947089E-08 0.90506204021183E-08 -1    GEMT1
POTENTIA 32  5  0.59904930496836E-08 0.13918020917300E-08 -1    GEMT1
POTENTIA 33  5 -0.24064107214920E-08 0.25936663613567E-08 -1    GEMT1
POTENTIA 34  5  0.36747372234505E-09-0.85147040970033E-10 -1    GEMT1
POTENTIA 35  5 -0.50494862131264E-08-0.12100948530016E-08 -1    GEMT1
POTENTIA 36  5 -0.74861057826937E-08 0.24821155346412E-08 -1    GEMT1
POTENTIA  6  6  .90593000E-08 -.23633440E-06 -1    GEMT1
POTENTIA  7  6 -.35785270E-06  .15091750E-06 -1    GEMT1
POTENTIA  8  6 -.66417800E-07  .31283230E-06 -1    GEMT1
POTENTIA  9  6  .70526300E-07  .21662850E-06 -1    GEMT1
POTENTIA 10  6 -.34736600E-07 -.77718900E-07 -1    GEMT1
POTENTIA 11  6  .84723000E-08  .24291000E-07 -1    GEMT1
POTENTIA 12  6  .13881000E-08  .45832200E-07 -1    GEMT1
POTENTIA 13  6 -.22386900E-07 -.11836000E-07 -1    GEMT1
POTENTIA 14  6 -.31868000E-08  .65119000E-08 -1    GEMT1
POTENTIA 15  6  .27231800E-07 -.51707700E-07 -1    GEMT1
POTENTIA 16  6  .17994900E-07 -.26783500E-07 -1    GEMT1
POTENTIA 17  6  .29200000E-09 -.30416600E-07 -1    GEMT1
POTENTIA 18  6  .31199100E-07 -.85569000E-08 -1    GEMT1
POTENTIA 19  6 -.62545000E-08  .39169000E-08 -1    GEMT1
POTENTIA 20  6  .12760700E-07  .96620000E-09 -1    GEMT1
POTENTIA 21  6  .42146000E-08 -.83501000E-08 -1    GEMT1
POTENTIA 22  6  .14626100E-07  .24348000E-08 -1    GEMT1
POTENTIA 23  6  .99988000E-08  .49568000E-08 -1    GEMT1
POTENTIA 24  6 -.30550000E-09 -.66410000E-09 -1    GEMT1
POTENTIA 25  6  .59358000E-08 -.67430000E-08 -1    GEMT1
POTENTIA 26  6  .85388000E-08  .31968000E-08 -1    GEMT1
POTENTIA 27  6  .17746000E-08 -.21342000E-08 -1    GEMT1
POTENTIA 28  6 -.83296000E-08  .20029000E-08 -1    GEMT1
POTENTIA 29  6 -.29600000E-09 -.24663000E-08 -1    GEMT1
POTENTIA 30  6 -.32177000E-08  .41679000E-08 -1    GEMT1
POTENTIA 31  6 -.56220000E-09  .76670000E-09 -1    GEMT1
POTENTIA 32  6 -.38310000E-08  .21900000E-09 -1    GEMT1
POTENTIA 33  6  .13824000E-08 -.12542000E-08 -1    GEMT1
POTENTIA 34  6  .58080000E-09 -.32200000E-09 -1    GEMT1
POTENTIA 35  6  .83040000E-09 -.14752000E-08 -1    GEMT1
POTENTIA 36  6 -.57570000E-09 -.89880000E-09 -1    GEMT1
POTENTIA  7  7  .15976000E-08  .22001300E-07 -1    GEMT1
POTENTIA  8  7  .70424800E-07  .74862600E-07 -1    GEMT1
POTENTIA  9  7 -.11862330E-06 -.10055100E-06 -1    GEMT1
POTENTIA 10  7  .97468000E-08 -.42901000E-08 -1    GEMT1
POTENTIA 11  7  .96093000E-08 -.91889100E-07 -1    GEMT1
POTENTIA 12  7 -.12697500E-07  .34829100E-07 -1    GEMT1
POTENTIA 13  7  .35736000E-08 -.66171000E-08 -1    GEMT1
POTENTIA 14  7  .37484300E-07 -.43588000E-08 -1    GEMT1
POTENTIA 15  7  .66713000E-07  .11454500E-07 -1    GEMT1
POTENTIA 16  7  .30511000E-08 -.90737000E-08 -1    GEMT1
POTENTIA 17  7  .22952000E-07 -.11980900E-07 -1    GEMT1
POTENTIA 18  7 -.79570000E-09  .67159000E-08 -1    GEMT1
POTENTIA 19  7  .51443000E-08 -.16620000E-08 -1    GEMT1
POTENTIA 20  7 -.77913000E-08  .48958000E-08 -1    GEMT1
POTENTIA 21  7 -.12227900E-07 -.14058000E-08 -1    GEMT1
POTENTIA 22  7  .12753800E-07  .13042000E-08 -1    GEMT1
POTENTIA 23  7 -.23282000E-08  .26452000E-08 -1    GEMT1
POTENTIA 24  7 -.25113000E-08  .50662000E-08 -1    GEMT1
POTENTIA 25  7  .26320000E-09  .34596000E-08 -1    GEMT1
POTENTIA 26  7  .54524000E-08  .25831000E-08 -1    GEMT1
POTENTIA 27  7  .69279000E-08 -.28217000E-08 -1    GEMT1
POTENTIA 28  7 -.46459000E-08 -.15444000E-08 -1    GEMT1
POTENTIA 29  7  .11830000E-08 -.72940000E-08 -1    GEMT1
POTENTIA 30  7 -.17200000E-09 -.12910000E-09 -1    GEMT1
POTENTIA 31  7  .14817000E-08 -.17479000E-08 -1    GEMT1
POTENTIA 32  7 -.30832000E-08  .18611000E-08 -1    GEMT1
POTENTIA 33  7 -.40500000E-10  .17756000E-08 -1    GEMT1
POTENTIA 34  7  .23148000E-08  .10280000E-09 -1    GEMT1
POTENTIA 35  7  .74800000E-10  .15282000E-08 -1    GEMT1
POTENTIA 36  7 -.16620000E-09 -.41990000E-09 -1    GEMT1
POTENTIA  8  8 -.11888270E-06  .12233200E-06 -1    GEMT1
POTENTIA  9  8  .18449540E-06 -.18494000E-08 -1    GEMT1
POTENTIA 10  8  .43746800E-07 -.92480800E-07 -1    GEMT1
POTENTIA 11  8 -.63530000E-08  .22582700E-07 -1    GEMT1
POTENTIA 12  8 -.21217700E-07  .16904600E-07 -1    GEMT1
POTENTIA 13  8 -.12296400E-07 -.11092500E-07 -1    GEMT1
POTENTIA 14  8 -.32941600E-07 -.13181400E-07 -1    GEMT1
POTENTIA 15  8 -.40666000E-07  .24732500E-07 -1    GEMT1
POTENTIA 16  8 -.13437600E-07  .22804000E-08 -1    GEMT1
POTENTIA 17  8  .31156400E-07  .87750000E-08 -1    GEMT1
POTENTIA 18  8  .45719100E-07  .43050000E-09 -1    GEMT1
POTENTIA 19  8  .14862600E-07 -.11327300E-07 -1    GEMT1
POTENTIA 20  8 -.20109000E-08 -.12912000E-08 -1    GEMT1
POTENTIA 21  8 -.18100800E-07  .25208000E-08 -1    GEMT1
POTENTIA 22  8 -.98173000E-08 -.68267000E-08 -1    GEMT1
POTENTIA 23  8  .42209000E-08 -.67954000E-08 -1    GEMT1
POTENTIA 24  8 -.24330000E-08  .75574000E-08 -1    GEMT1
POTENTIA 25  8  .14256000E-08 -.41241000E-08 -1    GEMT1
POTENTIA 26  8  .30889000E-08 -.21407000E-08 -1    GEMT1
POTENTIA 27  8 -.41794000E-08 -.44059000E-08 -1    GEMT1
POTENTIA 28  8 -.56550000E-09 -.31778000E-08 -1    GEMT1
POTENTIA 29  8 -.64245000E-08  .25406000E-08 -1    GEMT1
POTENTIA 30  8  .29536000E-08  .57200000E-09 -1    GEMT1
POTENTIA 31  8  .87200000E-10 -.11845000E-08 -1    GEMT1
POTENTIA 32  8  .88180000E-09  .33226000E-08 -1    GEMT1
POTENTIA 33  8 -.82300000E-10  .15750000E-08 -1    GEMT1
POTENTIA 34  8  .70830000E-09 -.78600000E-09 -1    GEMT1
POTENTIA 35  8  .26790000E-09  .17720000E-09 -1    GEMT1
POTENTIA 36  8 -.10487000E-08 -.53780000E-09 -1    GEMT1
POTENTIA  9  9 -.55545700E-07  .97588900E-07 -1    GEMT1
POTENTIA 10  9  .12817970E-06 -.48186000E-07 -1    GEMT1
POTENTIA 11  9 -.38777400E-07  .40284900E-07 -1    GEMT1
POTENTIA 12  9  .46938000E-07  .13222300E-07 -1    GEMT1
POTENTIA 13  9  .20382700E-07  .45782000E-07 -1    GEMT1
POTENTIA 14  9  .37160900E-07  .17933200E-07 -1    GEMT1
POTENTIA 15  9  .13444100E-07  .41018700E-07 -1    GEMT1
POTENTIA 16  9 -.16575000E-07 -.50982500E-07 -1    GEMT1
POTENTIA 17  9 -.32015000E-08 -.34324600E-07 -1    GEMT1
POTENTIA 18  9 -.13521600E-07  .19244600E-07 -1    GEMT1
POTENTIA 19  9  .17566000E-08  .86593000E-08 -1    GEMT1
POTENTIA 20  9  .22812100E-07  .72350000E-08 -1    GEMT1
POTENTIA 21  9  .17320500E-07 -.93913000E-08 -1    GEMT1
POTENTIA 22  9  .12510600E-07 -.94816000E-08 -1    GEMT1
POTENTIA 23  9 -.40274000E-08 -.10391600E-07 -1    GEMT1
POTENTIA 24  9 -.38940000E-08 -.14302000E-08 -1    GEMT1
POTENTIA 25  9 -.60297000E-08  .98442000E-08 -1    GEMT1
POTENTIA 26  9  .25191000E-08 -.65920000E-09 -1    GEMT1
POTENTIA 27  9  .39900000E-09  .21553000E-08 -1    GEMT1
POTENTIA 28  9  .29414000E-08 -.30550000E-08 -1    GEMT1
POTENTIA 29  9 -.16394000E-08  .24790000E-08 -1    GEMT1
POTENTIA 30  9  .16650000E-09 -.39351000E-08 -1    GEMT1
POTENTIA 31  9 -.38941000E-08 -.17016000E-08 -1    GEMT1
POTENTIA 32  9  .19461000E-08  .76810000E-09 -1    GEMT1
POTENTIA 33  9 -.29390000E-09  .18691000E-08 -1    GEMT1
POTENTIA 34  9  .12660000E-08  .15093000E-08 -1    GEMT1
POTENTIA 35  9  .10826000E-08 -.20731000E-08 -1    GEMT1
POTENTIA 36  9 -.31700000E-09  .54840000E-09 -1    GEMT1
POTENTIA 10 10  .94559600E-07 -.20104100E-07 -1    GEMT1
POTENTIA 11 10 -.52058200E-07 -.17612600E-07 -1    GEMT1
POTENTIA 12 10 -.91273000E-08  .31678200E-07 -1    GEMT1
POTENTIA 13 10  .43302800E-07 -.38038300E-07 -1    GEMT1
POTENTIA 14 10  .36995300E-07 -.27966000E-08 -1    GEMT1
POTENTIA 15 10  .95928000E-08  .16081200E-07 -1    GEMT1
POTENTIA 16 10 -.10417100E-07  .66056000E-08 -1    GEMT1
POTENTIA 17 10  .21050000E-08  .20119300E-07 -1    GEMT1
POTENTIA 18 10  .90063000E-08 -.10861900E-07 -1    GEMT1
POTENTIA 19 10 -.35353800E-07 -.26556000E-08 -1    GEMT1
POTENTIA 20 10 -.22420100E-07 -.80926000E-08 -1    GEMT1
POTENTIA 21 10  .36543000E-08  .18356000E-08 -1    GEMT1
POTENTIA 22 10  .50062000E-08  .20383000E-07 -1    GEMT1
POTENTIA 23 10  .19975800E-07 -.37585000E-08 -1    GEMT1
POTENTIA 24 10  .17353500E-07  .92954000E-08 -1    GEMT1
POTENTIA 25 10  .56907000E-08 -.44669000E-08 -1    GEMT1
POTENTIA 26 10 -.48370000E-08  .16645000E-08 -1    GEMT1
POTENTIA 27 10 -.83100000E-08  .60112000E-08 -1    GEMT1
POTENTIA 28 10 -.72826000E-08  .12046000E-08 -1    GEMT1
POTENTIA 29 10  .60200000E-10  .60144000E-08 -1    GEMT1
POTENTIA 30 10  .12265000E-08 -.10402000E-08 -1    GEMT1
POTENTIA 31 10  .25178000E-08 -.37447000E-08 -1    GEMT1
POTENTIA 32 10  .83080000E-09 -.19507000E-08 -1    GEMT1
POTENTIA 33 10  .23410000E-09 -.94490000E-09 -1    GEMT1
POTENTIA 34 10 -.14879000E-08 -.93000000E-11 -1    GEMT1
POTENTIA 35 10 -.14313000E-08 -.83540000E-09 -1    GEMT1
POTENTIA 36 10 -.35700000E-09  .46710000E-09 -1    GEMT1
POTENTIA 11 11  .54332200E-07 -.54728800E-07 -1    GEMT1
POTENTIA 12 11  .54143000E-08 -.95228000E-08 -1    GEMT1
POTENTIA 13 11 -.40190600E-07  .55015000E-08 -1    GEMT1
POTENTIA 14 11  .80835000E-08 -.41361400E-07 -1    GEMT1
POTENTIA 15 11  .17171000E-08  .28932200E-07 -1    GEMT1
POTENTIA 16 11  .14015600E-07 -.64368000E-08 -1    GEMT1
POTENTIA 17 11 -.17110800E-07  .17501900E-07 -1    GEMT1
POTENTIA 18 11 -.12798900E-07 -.59710000E-09 -1    GEMT1
POTENTIA 19 11  .16480400E-07  .13474800E-07 -1    GEMT1
POTENTIA 20 11  .11378700E-07 -.23930500E-07 -1    GEMT1
POTENTIA 21 11  .92806000E-08 -.36783400E-07 -1    GEMT1
POTENTIA 22 11 -.93740000E-08 -.18377500E-07 -1    GEMT1
POTENTIA 23 11  .38490000E-08  .13679400E-07 -1    GEMT1
POTENTIA 24 11  .12739600E-07  .12118000E-07 -1    GEMT1
POTENTIA 25 11  .55793000E-08 -.12766000E-08 -1    GEMT1
POTENTIA 26 11  .32045000E-08  .50467000E-08 -1    GEMT1
POTENTIA 27 11 -.11883000E-08 -.30951000E-08 -1    GEMT1
POTENTIA 28 11 -.62140000E-09 -.82900000E-09 -1    GEMT1
POTENTIA 29 11 -.93226000E-08  .45480000E-09 -1    GEMT1
POTENTIA 30 11 -.16207000E-08  .50752000E-08 -1    GEMT1
POTENTIA 31 11 -.16631000E-08  .58521000E-08 -1    GEMT1
POTENTIA 32 11 -.24010000E-08 -.64630000E-09 -1    GEMT1
POTENTIA 33 11  .55568000E-08 -.48030000E-09 -1    GEMT1
POTENTIA 34 11  .12406000E-08 -.38325000E-08 -1    GEMT1
POTENTIA 35 11  .67850000E-09 -.36583000E-08 -1    GEMT1
POTENTIA 36 11  .58800000E-09 -.73080000E-09 -1    GEMT1
POTENTIA 12 12 -.35280000E-08 -.11796400E-07 -1    GEMT1
POTENTIA 13 12 -.28005900E-07  .86410200E-07 -1    GEMT1
POTENTIA 14 12  .89681000E-08 -.32066800E-07 -1    GEMT1
POTENTIA 15 12 -.28331700E-07  .12487200E-07 -1    GEMT1
POTENTIA 16 12  .20880300E-07  .57370000E-08 -1    GEMT1
POTENTIA 17 12  .34273400E-07  .17257000E-07 -1    GEMT1
POTENTIA 18 12 -.26181900E-07 -.16526200E-07 -1    GEMT1
POTENTIA 19 12  .32037000E-08  .43292000E-08 -1    GEMT1
POTENTIA 20 12 -.40581000E-08  .17298000E-07 -1    GEMT1
POTENTIA 21 12  .28236000E-08  .12706600E-07 -1    GEMT1
POTENTIA 22 12  .74377000E-08 -.78426000E-08 -1    GEMT1
POTENTIA 23 12  .21577700E-07 -.16681200E-07 -1    GEMT1
POTENTIA 24 12  .12340600E-07 -.95152000E-08 -1    GEMT1
POTENTIA 25 12 -.55425000E-08  .11010000E-07 -1    GEMT1
POTENTIA 26 12 -.19645700E-07  .54338000E-08 -1    GEMT1
POTENTIA 27 12 -.42280000E-09 -.17182000E-08 -1    GEMT1
POTENTIA 28 12  .40240000E-09  .24269000E-08 -1    GEMT1
POTENTIA 29 12 -.83390000E-09 -.49254000E-08 -1    GEMT1
POTENTIA 30 12  .37915000E-08 -.34240000E-08 -1    GEMT1
POTENTIA 31 12  .14910000E-09  .46159000E-08 -1    GEMT1
POTENTIA 32 12 -.17118000E-08  .41940000E-08 -1    GEMT1
POTENTIA 33 12  .52208000E-08  .41268000E-08 -1    GEMT1
POTENTIA 34 12  .45500000E-09  .24876000E-08 -1    GEMT1
POTENTIA 35 12  .14841000E-08 -.20619000E-08 -1    GEMT1
POTENTIA 36 12 -.21820000E-09 -.16068000E-08 -1    GEMT1
POTENTIA 13 13 -.61548300E-07  .68266100E-07 -1    GEMT1
POTENTIA 14 13  .31533300E-07  .44623400E-07 -1    GEMT1
POTENTIA 15 13 -.28105100E-07 -.49829000E-08 -1    GEMT1
POTENTIA 16 13  .13075400E-07  .61340000E-09 -1    GEMT1
POTENTIA 17 13  .16907500E-07  .20112200E-07 -1    GEMT1
POTENTIA 18 13 -.65815000E-08 -.35155100E-07 -1    GEMT1
POTENTIA 19 13 -.60894000E-08 -.29170900E-07 -1    GEMT1
POTENTIA 20 13  .26649100E-07  .48913000E-08 -1    GEMT1
POTENTIA 21 13 -.18169400E-07  .11596900E-07 -1    GEMT1
POTENTIA 22 13 -.16945500E-07  .17845300E-07 -1    GEMT1
POTENTIA 23 13 -.10457800E-07 -.75112000E-08 -1    GEMT1
POTENTIA 24 13 -.36235000E-08 -.38240000E-09 -1    GEMT1
POTENTIA 25 13  .73795000E-08 -.15188300E-07 -1    GEMT1
POTENTIA 26 13  .27230000E-08  .14151000E-08 -1    GEMT1
POTENTIA 27 13 -.59813000E-08 -.41287000E-08 -1    GEMT1
POTENTIA 28 13  .98300000E-10  .35308000E-08 -1    GEMT1
POTENTIA 29 13 -.11458000E-08 -.19753000E-08 -1    GEMT1
POTENTIA 30 13  .14674200E-07 -.19200000E-10 -1    GEMT1
POTENTIA 31 13  .56871000E-08  .13250000E-08 -1    GEMT1
POTENTIA 32 13  .72556000E-08  .22290000E-09 -1    GEMT1
POTENTIA 33 13  .36684000E-08  .67767000E-08 -1    GEMT1
POTENTIA 34 13 -.80803000E-08  .12768000E-08 -1    GEMT1
POTENTIA 35 13 -.11849000E-08  .44812000E-08 -1    GEMT1
POTENTIA 36 13  .76850000E-09  .37948000E-08 -1    GEMT1
POTENTIA 14 14 -.50565700E-07 -.63741000E-08 -1    GEMT1
POTENTIA 15 14  .61707000E-08 -.25613200E-07 -1    GEMT1
POTENTIA 16 14 -.19122600E-07 -.38289500E-07 -1    GEMT1
POTENTIA 17 14 -.13337000E-07  .11761300E-07 -1    GEMT1
POTENTIA 18 14 -.92828000E-08 -.10940000E-07 -1    GEMT1
POTENTIA 19 14 -.51227000E-08 -.12644800E-07 -1    GEMT1
POTENTIA 20 14  .10322800E-07 -.11762000E-07 -1    GEMT1
POTENTIA 21 14  .18776000E-07  .86994000E-08 -1    GEMT1
POTENTIA 22 14  .87280000E-08  .10240700E-07 -1    GEMT1
POTENTIA 23 14  .46108000E-08 -.32727000E-08 -1    GEMT1
POTENTIA 24 14 -.18643600E-07  .14570000E-08 -1    GEMT1
POTENTIA 25 14 -.21941800E-07  .13205800E-07 -1    GEMT1
POTENTIA 26 14  .39290000E-08  .56350000E-08 -1    GEMT1
POTENTIA 27 14  .11970200E-07  .66379000E-08 -1    GEMT1
POTENTIA 28 14 -.21064000E-08 -.65025000E-08 -1    GEMT1
POTENTIA 29 14 -.51525000E-08  .19409000E-08 -1    GEMT1
POTENTIA 30 14 -.32700000E-10 -.25522000E-08 -1    GEMT1
POTENTIA 31 14 -.72828000E-08  .12481000E-08 -1    GEMT1
POTENTIA 32 14  .46569000E-08  .69216000E-08 -1    GEMT1
POTENTIA 33 14  .92319000E-08  .25099000E-08 -1    GEMT1
POTENTIA 34 14 -.10431000E-08 -.28780000E-09 -1    GEMT1
POTENTIA 35 14 -.48360000E-09 -.12380000E-09 -1    GEMT1
POTENTIA 36 14 -.48384000E-08 -.40665000E-08 -1    GEMT1
POTENTIA 15 15 -.18094800E-07 -.80854000E-08 -1    GEMT1
POTENTIA 16 15 -.12532100E-07 -.32295800E-07 -1    GEMT1
POTENTIA 17 15  .49435000E-08  .57493000E-08 -1    GEMT1
POTENTIA 18 15 -.37761900E-07 -.19824700E-07 -1    GEMT1
POTENTIA 19 15 -.18316400E-07 -.12767500E-07 -1    GEMT1
POTENTIA 20 15 -.22730600E-07 -.41350000E-09 -1    GEMT1
POTENTIA 21 15  .16620500E-07  .14983700E-07 -1    GEMT1
POTENTIA 22 15  .27937300E-07  .31033000E-08 -1    GEMT1
POTENTIA 23 15  .17731800E-07 -.22813000E-08 -1    GEMT1
POTENTIA 24 15  .98097000E-08 -.13528600E-07 -1    GEMT1
POTENTIA 25 15 -.19899000E-08 -.22710000E-08 -1    GEMT1
POTENTIA 26 15 -.11379700E-07  .47010000E-08 -1    GEMT1
POTENTIA 27 15 -.43373000E-08  .10020000E-09 -1    GEMT1
POTENTIA 28 15 -.82106000E-08  .53751000E-08 -1    GEMT1
POTENTIA 29 15 -.12718000E-08 -.24918000E-08 -1    GEMT1
POTENTIA 30 15  .28146000E-08 -.92780000E-08 -1    GEMT1
POTENTIA 31 15  .45410000E-09 -.43732000E-08 -1    GEMT1
POTENTIA 32 15  .39107000E-08 -.49375000E-08 -1    GEMT1
POTENTIA 33 15 -.30055000E-08  .21726000E-08 -1    GEMT1
POTENTIA 34 15  .76430000E-09  .30005000E-08 -1    GEMT1
POTENTIA 35 15  .26090000E-09  .28304000E-08 -1    GEMT1
POTENTIA 36 15 -.18223000E-08  .18634000E-08 -1    GEMT1
POTENTIA 16 16 -.32411400E-07 -.43686000E-08 -1    GEMT1
POTENTIA 17 16 -.29068300E-07  .18848000E-08 -1    GEMT1
POTENTIA 18 16  .97880000E-08  .50024000E-08 -1    GEMT1
POTENTIA 19 16 -.19904700E-07 -.11932600E-07 -1    GEMT1
POTENTIA 20 16 -.10668500E-07  .16919000E-08 -1    GEMT1
POTENTIA 21 16  .87331000E-08 -.51553000E-08 -1    GEMT1
POTENTIA 22 16  .89200000E-10 -.49265000E-08 -1    GEMT1
POTENTIA 23 16  .49029000E-08  .11767100E-07 -1    GEMT1
POTENTIA 24 16 -.49080000E-09  .62766000E-08 -1    GEMT1
POTENTIA 25 16  .30419000E-08 -.12797200E-07 -1    GEMT1
POTENTIA 26 16  .58241000E-08 -.41510000E-08 -1    GEMT1
POTENTIA 27 16  .65849000E-08 -.41072000E-08 -1    GEMT1
POTENTIA 28 16 -.83073000E-08 -.76860000E-08 -1    GEMT1
POTENTIA 29 16 -.21980000E-08 -.55327000E-08 -1    GEMT1
POTENTIA 30 16  .61890000E-09  .56597000E-08 -1    GEMT1
POTENTIA 31 16 -.45141000E-08  .48013000E-08 -1    GEMT1
POTENTIA 32 16  .29187000E-08  .41010000E-08 -1    GEMT1
POTENTIA 33 16 -.38790000E-09  .19724000E-08 -1    GEMT1
POTENTIA 34 16  .11337000E-08 -.26578000E-08 -1    GEMT1
POTENTIA 35 16  .13140000E-09 -.13369000E-08 -1    GEMT1
POTENTIA 36 16  .13405000E-08 -.20055000E-08 -1    GEMT1
POTENTIA 17 17 -.38310600E-07 -.20623400E-07 -1    GEMT1
POTENTIA 18 17  .61142000E-08  .87663000E-08 -1    GEMT1
POTENTIA 19 17  .27945900E-07 -.10883700E-07 -1    GEMT1
POTENTIA 20 17  .42934000E-08 -.89776000E-08 -1    GEMT1
POTENTIA 21 17 -.67459000E-08  .83960000E-09 -1    GEMT1
POTENTIA 22 17  .13807900E-07 -.11125800E-07 -1    GEMT1
POTENTIA 23 17 -.72125000E-08 -.66031000E-08 -1    GEMT1
POTENTIA 24 17 -.84625000E-08  .18817000E-08 -1    GEMT1
POTENTIA 25 17 -.83083000E-08  .55000000E-09 -1    GEMT1
POTENTIA 26 17 -.48890000E-08  .82820000E-08 -1    GEMT1
POTENTIA 27 17  .55505000E-08  .15914000E-08 -1    GEMT1
POTENTIA 28 17  .45201000E-08 -.42606000E-08 -1    GEMT1
POTENTIA 29 17  .45708000E-08 -.27849000E-08 -1    GEMT1
POTENTIA 30 17  .10057000E-08 -.15438000E-08 -1    GEMT1
POTENTIA 31 17 -.59335000E-08  .25686000E-08 -1    GEMT1
POTENTIA 32 17 -.36602000E-08  .18909000E-08 -1    GEMT1
POTENTIA 33 17 -.21426000E-08  .30432000E-08 -1    GEMT1
POTENTIA 34 17  .36260000E-09  .25764000E-08 -1    GEMT1
POTENTIA 35 17  .33863000E-08 -.24391000E-08 -1    GEMT1
POTENTIA 36 17  .21679000E-08 -.84900000E-09 -1    GEMT1
POTENTIA 18 18 -.44492000E-08 -.50647000E-08 -1    GEMT1
POTENTIA 19 18  .21646700E-07 -.31131000E-08 -1    GEMT1
POTENTIA 20 18  .10577100E-07  .13024000E-08 -1    GEMT1
POTENTIA 21 18  .16830400E-07 -.65691000E-08 -1    GEMT1
POTENTIA 22 18  .70311000E-08 -.10295500E-07 -1    GEMT1
POTENTIA 23 18 -.19056000E-08 -.63023000E-08 -1    GEMT1
POTENTIA 24 18  .43072000E-08 -.50725000E-08 -1    GEMT1
POTENTIA 25 18 -.13004000E-08 -.10669700E-07 -1    GEMT1
POTENTIA 26 18 -.90148000E-08  .75516000E-08 -1    GEMT1
POTENTIA 27 18 -.51898000E-08  .59394000E-08 -1    GEMT1
POTENTIA 28 18  .36450000E-09 -.82950000E-09 -1    GEMT1
POTENTIA 29 18 -.20095000E-08 -.13780000E-09 -1    GEMT1
POTENTIA 30 18  .30350000E-09  .85300000E-09 -1    GEMT1
POTENTIA 31 18  .25645000E-08  .84910000E-09 -1    GEMT1
POTENTIA 32 18  .22105000E-08 -.14795000E-08 -1    GEMT1
POTENTIA 33 18  .87020000E-09 -.12393000E-08 -1    GEMT1
POTENTIA 34 18 -.27232000E-08 -.86900000E-10 -1    GEMT1
POTENTIA 35 18  .15003000E-08 -.59370000E-09 -1    GEMT1
POTENTIA 36 18  .69300000E-10  .53060000E-09 -1    GEMT1
POTENTIA 19 19  .64638000E-08  .10424400E-07 -1    GEMT1
POTENTIA 20 19 -.70980000E-08  .84586000E-08 -1    GEMT1
POTENTIA 21 19 -.20951500E-07  .15879000E-07 -1    GEMT1
POTENTIA 22 19  .66210000E-08 -.46952000E-08 -1    GEMT1
POTENTIA 23 19 -.86827000E-08  .74916000E-08 -1    GEMT1
POTENTIA 24 19  .52740000E-09 -.15017900E-07 -1    GEMT1
POTENTIA 25 19  .91802000E-08  .21317000E-08 -1    GEMT1
POTENTIA 26 19  .16260000E-08  .71990000E-09 -1    GEMT1
POTENTIA 27 19  .92540000E-09 -.62305000E-08 -1    GEMT1
POTENTIA 28 19  .44182000E-08  .13800300E-07 -1    GEMT1
POTENTIA 29 19 -.21920000E-08  .15059000E-08 -1    GEMT1
POTENTIA 30 19 -.56266000E-08 -.26384000E-08 -1    GEMT1
POTENTIA 31 19  .20172000E-08  .28162000E-08 -1    GEMT1
POTENTIA 32 19  .30881000E-08 -.15146000E-08 -1    GEMT1
POTENTIA 33 19  .16796000E-08  .23690000E-09 -1    GEMT1
POTENTIA 34 19  .59530000E-09 -.10032000E-08 -1    GEMT1
POTENTIA 35 19 -.29031000E-08  .59320000E-09 -1    GEMT1
POTENTIA 36 19 -.25620000E-09 -.69500000E-10 -1    GEMT1
POTENTIA 20 20  .17085000E-08 -.13505100E-07 -1    GEMT1
POTENTIA 21 20 -.19041100E-07  .18536100E-07 -1    GEMT1
POTENTIA 22 20 -.13315200E-07  .14778900E-07 -1    GEMT1
POTENTIA 23 20  .17224800E-07 -.90475000E-08 -1    GEMT1
POTENTIA 24 20 -.60619000E-08 -.32980000E-09 -1    GEMT1
POTENTIA 25 20 -.37315000E-08 -.66217000E-08 -1    GEMT1
POTENTIA 26 20  .94830000E-08 -.10948800E-07 -1    GEMT1
POTENTIA 27 20  .29525000E-08  .30106000E-08 -1    GEMT1
POTENTIA 28 20 -.98050000E-09  .11271000E-08 -1    GEMT1
POTENTIA 29 20 -.47996000E-08  .31625000E-08 -1    GEMT1
POTENTIA 30 20 -.27600000E-10  .35666000E-08 -1    GEMT1
POTENTIA 31 20  .18947000E-08  .55950000E-09 -1    GEMT1
POTENTIA 32 20 -.15881000E-08  .14199000E-08 -1    GEMT1
POTENTIA 33 20  .20822000E-08 -.75250000E-09 -1    GEMT1
POTENTIA 34 20  .89170000E-09 -.39750000E-09 -1    GEMT1
POTENTIA 35 20 -.77450000E-09 -.87630000E-09 -1    GEMT1
POTENTIA 36 20 -.91280000E-09 -.86610000E-09 -1    GEMT1
POTENTIA 21 21  .24775000E-08 -.68510000E-08 -1    GEMT1
POTENTIA 22 21 -.13224400E-07  .75983000E-08 -1    GEMT1
POTENTIA 23 21  .10819500E-07  .76428000E-08 -1    GEMT1
POTENTIA 24 21  .10574400E-07  .11197000E-08 -1    GEMT1
POTENTIA 25 21  .53968000E-08  .31404000E-08 -1    GEMT1
POTENTIA 26 21 -.39070000E-09 -.24147000E-08 -1    GEMT1
POTENTIA 27 21  .20712000E-08 -.45432000E-08 -1    GEMT1
POTENTIA 28 21  .24900000E-08  .26970000E-09 -1    GEMT1
POTENTIA 29 21 -.93986000E-08 -.59494000E-08 -1    GEMT1
POTENTIA 30 21 -.74518000E-08 -.30982000E-08 -1    GEMT1
POTENTIA 31 21  .23358000E-08  .35767000E-08 -1    GEMT1
POTENTIA 32 21  .11690000E-08  .58848000E-08 -1    GEMT1
POTENTIA 33 21  .73190000E-09 -.83940000E-09 -1    GEMT1
POTENTIA 34 21  .13743000E-08 -.65900000E-09 -1    GEMT1
POTENTIA 35 21  .13843000E-08  .27357000E-08 -1    GEMT1
POTENTIA 36 21  .74110000E-09 -.21175000E-08 -1    GEMT1
POTENTIA 22 22 -.14623000E-08  .47182000E-08 -1    GEMT1
POTENTIA 23 22 -.90340000E-09 -.21445000E-08 -1    GEMT1
POTENTIA 24 22 -.17322000E-08 -.13033000E-08 -1    GEMT1
POTENTIA 25 22 -.18741000E-08 -.17578000E-08 -1    GEMT1
POTENTIA 26 22  .10911900E-07  .91610000E-08 -1    GEMT1
POTENTIA 27 22 -.14300000E-09  .29341000E-08 -1    GEMT1
POTENTIA 28 22 -.48465000E-08  .51180000E-09 -1    GEMT1
POTENTIA 29 22  .96562000E-08  .44395000E-08 -1    GEMT1
POTENTIA 30 22  .32458000E-08 -.55410000E-08 -1    GEMT1
POTENTIA 31 22 -.62664000E-08 -.57325000E-08 -1    GEMT1
POTENTIA 32 22 -.46595000E-08  .74550000E-09 -1    GEMT1
POTENTIA 33 22 -.40992000E-08 -.10974000E-08 -1    GEMT1
POTENTIA 34 22  .82940000E-09  .42210000E-09 -1    GEMT1
POTENTIA 35 22  .15900000E-10  .33003000E-08 -1    GEMT1
POTENTIA 36 22  .57320000E-09  .68640000E-09 -1    GEMT1
POTENTIA 23 23  .84460000E-09  .20300000E-09 -1    GEMT1
POTENTIA 24 23 -.21435000E-08 -.90055000E-08 -1    GEMT1
POTENTIA 25 23  .45743000E-08 -.24633000E-08 -1    GEMT1
POTENTIA 26 23  .23537000E-08  .89516000E-08 -1    GEMT1
POTENTIA 27 23 -.53881000E-08 -.27372000E-08 -1    GEMT1
POTENTIA 28 23 -.26403000E-08  .63891000E-08 -1    GEMT1
POTENTIA 29 23 -.50118000E-08 -.78000000E-10 -1    GEMT1
POTENTIA 30 23 -.15833000E-08 -.53377000E-08 -1    GEMT1
POTENTIA 31 23  .95047000E-08  .56544000E-08 -1    GEMT1
POTENTIA 32 23  .38573000E-08  .47590000E-09 -1    GEMT1
POTENTIA 33 23 -.62770000E-09 -.43975000E-08 -1    GEMT1
POTENTIA 34 23 -.93000000E-09 -.21403000E-08 -1    GEMT1
POTENTIA 35 23 -.23783000E-08 -.15551000E-08 -1    GEMT1
POTENTIA 36 23 -.12168000E-08 -.55180000E-09 -1    GEMT1
POTENTIA 24 24  .23438000E-08 -.12129000E-08 -1    GEMT1
POTENTIA 25 24  .36065000E-08 -.38584000E-08 -1    GEMT1
POTENTIA 26 24 -.13736000E-08  .12183700E-07 -1    GEMT1
POTENTIA 27 24 -.19361000E-08  .26238000E-08 -1    GEMT1
POTENTIA 28 24  .68762000E-08 -.15084100E-07 -1    GEMT1
POTENTIA 29 24 -.25342000E-08  .37024000E-08 -1    GEMT1
POTENTIA 30 24 -.25120000E-08 -.37700000E-10 -1    GEMT1
POTENTIA 31 24 -.38298000E-08 -.19101000E-08 -1    GEMT1
POTENTIA 32 24 -.65905000E-08  .53251000E-08 -1    GEMT1
POTENTIA 33 24  .39903000E-08 -.48210000E-09 -1    GEMT1
POTENTIA 34 24  .67267000E-08  .85110000E-09 -1    GEMT1
POTENTIA 35 24  .25277000E-08  .21953000E-08 -1    GEMT1
POTENTIA 36 24  .65890000E-09 -.14201000E-08 -1    GEMT1
POTENTIA 25 25  .49455000E-08  .40141000E-08 -1    GEMT1
POTENTIA 26 25 -.39876000E-08  .82488000E-08 -1    GEMT1
POTENTIA 27 25  .11801400E-07  .31453000E-08 -1    GEMT1
POTENTIA 28 25  .11295000E-08 -.48096000E-08 -1    GEMT1
POTENTIA 29 25  .83057000E-08  .36286000E-08 -1    GEMT1
POTENTIA 30 25  .88475000E-08 -.56062000E-08 -1    GEMT1
POTENTIA 31 25 -.77449000E-08 -.27570000E-09 -1    GEMT1
POTENTIA 32 25 -.13173000E-07  .77043000E-08 -1    GEMT1
POTENTIA 33 25 -.12628000E-08 -.48224000E-08 -1    GEMT1
POTENTIA 34 25  .62516000E-08 -.82080000E-08 -1    GEMT1
POTENTIA 35 25 -.33892000E-08  .15231000E-08 -1    GEMT1
POTENTIA 36 25  .27000000E-10  .86477000E-08 -1    GEMT1
POTENTIA 26 26  .34281000E-08 -.42690000E-08 -1    GEMT1
POTENTIA 27 26 -.50080000E-08  .40035000E-08 -1    GEMT1
POTENTIA 28 26  .34421000E-08  .16811000E-08 -1    GEMT1
POTENTIA 29 26  .62584000E-08 -.36878000E-08 -1    GEMT1
POTENTIA 30 26 -.32087000E-08  .81399000E-08 -1    GEMT1
POTENTIA 31 26 -.46923000E-08  .36390000E-09 -1    GEMT1
POTENTIA 32 26 -.10511000E-08 -.15337000E-08 -1    GEMT1
POTENTIA 33 26  .81343000E-08  .55386000E-08 -1    GEMT1
POTENTIA 34 26  .10816000E-08 -.90061000E-08 -1    GEMT1
POTENTIA 35 26 -.14343800E-07 -.14120000E-09 -1    GEMT1
POTENTIA 36 26  .84469000E-08  .11084900E-07 -1    GEMT1
POTENTIA 27 27  .68945000E-08  .34538000E-08 -1    GEMT1
POTENTIA 28 27 -.99247000E-08  .13336000E-08 -1    GEMT1
POTENTIA 29 27 -.74725000E-08 -.21507000E-08 -1    GEMT1
POTENTIA 30 27 -.19206000E-08  .78152000E-08 -1    GEMT1
POTENTIA 31 27  .69960000E-08  .12252500E-07 -1    GEMT1
POTENTIA 32 27 -.30949000E-08 -.30221000E-08 -1    GEMT1
POTENTIA 33 27 -.10332300E-07 -.21297000E-08 -1    GEMT1
POTENTIA 34 27  .68974000E-08 -.54420000E-09 -1    GEMT1
POTENTIA 35 27  .27787000E-08 -.19129000E-07 -1    GEMT1
POTENTIA 36 27 -.10191200E-07  .42305000E-08 -1    GEMT1
POTENTIA 28 28  .67689000E-08  .19493000E-08 -1    GEMT1
POTENTIA 29 28  .10322600E-07 -.19625000E-08 -1    GEMT1
POTENTIA 30 28 -.89658000E-08 -.51589000E-08 -1    GEMT1
POTENTIA 31 28  .34280000E-09  .17261000E-08 -1    GEMT1
POTENTIA 32 28  .15717000E-08  .23530000E-08 -1    GEMT1
POTENTIA 33 28 -.10885100E-07  .18952000E-08 -1    GEMT1
POTENTIA 34 28  .45502000E-08 -.81979000E-08 -1    GEMT1
POTENTIA 35 28 -.10893600E-07 -.23354200E-07 -1    GEMT1
POTENTIA 36 28  .69480000E-08  .56619000E-08 -1    GEMT1
POTENTIA 29 29  .86366000E-08  .31601000E-08 -1    GEMT1
POTENTIA 30 29  .48227000E-08  .12400000E-09 -1    GEMT1
POTENTIA 31 29 -.54215000E-08 -.59502000E-08 -1    GEMT1
POTENTIA 32 29 -.33428000E-08  .25024000E-08 -1    GEMT1
POTENTIA 33 29 -.21320900E-07  .19320000E-09 -1    GEMT1
POTENTIA 34 29 -.38113000E-08 -.44842000E-08 -1    GEMT1
POTENTIA 35 29  .81878000E-08 -.31532000E-08 -1    GEMT1
POTENTIA 36 29 -.13415000E-08 -.24474000E-08 -1    GEMT1
POTENTIA 30 30 -.15075000E-08 -.42210000E-09 -1    GEMT1
POTENTIA 31 30 -.24527000E-08  .84230000E-08 -1    GEMT1
POTENTIA 32 30  .82893000E-08  .16713000E-08 -1    GEMT1
POTENTIA 33 30  .25217000E-08 -.13493500E-07 -1    GEMT1
POTENTIA 34 30 -.61161000E-08  .26800000E-10 -1    GEMT1
POTENTIA 35 30  .37128000E-08 -.28852000E-08 -1    GEMT1
POTENTIA 36 30 -.15551000E-08 -.20261000E-08 -1    GEMT1
POTENTIA 31 31 -.23190000E-09 -.73700000E-10 -1    GEMT1
POTENTIA 32 31 -.76160000E-09 -.27125000E-08 -1    GEMT1
POTENTIA 33 31  .17450000E-09  .11566000E-08 -1    GEMT1
POTENTIA 34 31  .23534000E-08  .22983000E-08 -1    GEMT1
POTENTIA 35 31  .13305000E-08  .10339000E-08 -1    GEMT1
POTENTIA 36 31 -.35516000E-08  .13604000E-08 -1    GEMT1
POTENTIA 32 32  .72770000E-09  .50680000E-09 -1    GEMT1
POTENTIA 33 32  .24100000E-08 -.21900000E-10 -1    GEMT1
POTENTIA 34 32 -.81660000E-09 -.11610000E-08 -1    GEMT1
POTENTIA 35 32 -.39791000E-08  .56640000E-09 -1    GEMT1
POTENTIA 36 32 -.88040000E-09 -.30000000E-09 -1    GEMT1
POTENTIA 33 33 -.26760000E-09 -.36030000E-09 -1    GEMT1
POTENTIA 34 33  .10234000E-08  .13813000E-08 -1    GEMT1
POTENTIA 35 33 -.28810000E-09  .16655000E-08 -1    GEMT1
POTENTIA 36 33 -.23972000E-08 -.26170000E-08 -1    GEMT1
POTENTIA 34 34 -.20930000E-09 -.60390000E-09 -1    GEMT1
POTENTIA 35 34 -.51680000E-09  .12370000E-09 -1    GEMT1
POTENTIA 36 34  .83240000E-09  .17560000E-08 -1    GEMT1
POTENTIA 35 35  .93800000E-10 -.14500000E-09 -1    GEMT1
POTENTIA 36 35  .21520000E-09 -.73470000E-09 -1    GEMT1
POTENTIA 36 36  .14840000E-09  .41970000E-09 -1    GEMT1

