0.0257221081451061  6.0 0.0 
0.0257255304585900  9.0 0.0 
0.0257289527720739  7.0 0.0 
0.0257323750855578  4.0 0.0 
0.0257357973990418  32.0 0.0 
0.0257392197125257  15.0 0.0 
0.0257426420260096  6.0 0.0 
0.0257460643394935  5.0 0.0 
0.0257494866529774  5.0 0.0 
0.0257529089664613  5.0 0.0 
0.0257563312799452  4.0 0.0 
0.0257597535934292  3.0 0.0 
0.0257631759069131  4.0 0.0 
0.0257665982203970  7.0 0.0 
0.0257700205338809  15.0 0.0 
0.0257734428473648  9.0 0.0 
0.0257768651608487  6.0 17.0 
0.0257802874743326  4.0 10.0 
0.0257837097878166  3.0 7.0 
0.0257871321013005  7.0 20.0 
0.0257905544147844  9.0 23.0 
0.0257939767282683  15.0 30.0 
0.0257973990417522  7.0 20.0 
0.0258008213552361  4.0 10.0 
0.0258042436687201  3.0 7.0 
0.0258076659822040  18.0 33.0 
0.0258110882956879  18.0 33.0 
0.0258145106091718  27.0 40.0 
0.0258179329226557  56.0 53.0 
0.0258213552361396  27.0 40.0 
0.0258247775496235  15.0 30.0 
0.0258281998631075  39.0 47.0 
0.0258316221765914  80.0 60.0 
0.0258350444900753  80.0 60.0 
0.0258384668035592  22.0 37.0 
0.0258418891170431  9.0 23.0 
0.0258453114305270  32.0 43.0 
0.0258487337440110  22.0 37.0 
0.0258521560574949  27.0 40.0 
0.0258555783709788  67.0 57.0 
0.0103080082135524  
